# 时间 t = 0.004009 s
# 列: x(m), rho(kg/m3), u(m/s), p(Pa), T(K), Y_H2, Y_H, Y_O, Y_O2, Y_OH
0.000000, 1.274208e+01, 0.000000e+00, 3.039750e+06, 6.000000e+02, 2.852239e-02, 9.673516e-22, 2.688484e-22, 2.263540e-01, 1.930161e-23
0.200401, 1.274208e+01, 0.000000e+00, 3.039750e+06, 6.000000e+02, 2.852239e-02, 9.673516e-22, 2.688484e-22, 2.263540e-01, 1.930161e-23
0.400802, 1.274208e+01, 0.000000e+00, 3.039750e+06, 6.000000e+02, 2.852239e-02, 9.673516e-22, 2.688484e-22, 2.263540e-01, 1.930161e-23
0.601202, 1.274208e+01, 0.000000e+00, 3.039750e+06, 6.000000e+02, 2.852239e-02, 9.673516e-22, 2.688484e-22, 2.263540e-01, 1.930161e-23
0.801603, 1.274208e+01, 0.000000e+00, 3.039750e+06, 6.000000e+02, 2.852239e-02, 9.673516e-22, 2.688484e-22, 2.263540e-01, 1.930161e-23
1.002004, 1.274208e+01, 0.000000e+00, 3.039750e+06, 6.000000e+02, 2.852239e-02, 9.673516e-22, 2.688484e-22, 2.263540e-01, 1.930161e-23
1.202405, 1.274208e+01, 0.000000e+00, 3.039750e+06, 6.000000e+02, 2.852239e-02, 9.673516e-22, 2.688484e-22, 2.263540e-01, 1.930161e-23
1.402806, 1.274208e+01, 0.000000e+00, 3.039750e+06, 6.000000e+02, 2.852239e-02, 9.673516e-22, 2.688484e-22, 2.263540e-01, 1.930161e-23
1.603206, 1.274208e+01, 0.000000e+00, 3.039750e+06, 6.000000e+02, 2.852239e-02, 9.673516e-22, 2.688484e-22, 2.263540e-01, 1.930161e-23
1.803607, 1.274208e+01, 0.000000e+00, 3.039750e+06, 6.000000e+02, 2.852239e-02, 9.673516e-22, 2.688484e-22, 2.263540e-01, 1.930161e-23
2.004008, 1.274208e+01, 0.000000e+00, 3.039750e+06, 6.000000e+02, 2.852239e-02, 9.673516e-22, 2.688484e-22, 2.263540e-01, 1.930161e-23
2.204409, 1.274208e+01, 0.000000e+00, 3.039750e+06, 6.000000e+02, 2.852239e-02, 9.673516e-22, 2.688484e-22, 2.263540e-01, 1.930161e-23
2.404810, 1.274208e+01, 0.000000e+00, 3.039750e+06, 6.000000e+02, 2.852239e-02, 9.673516e-22, 2.688484e-22, 2.263540e-01, 1.930161e-23
2.605210, 1.274208e+01, 0.000000e+00, 3.039750e+06, 6.000000e+02, 2.852239e-02, 9.673516e-22, 2.688484e-22, 2.263540e-01, 1.930161e-23
2.805611, 1.274208e+01, 0.000000e+00, 3.039750e+06, 6.000000e+02, 2.852239e-02, 9.673516e-22, 2.688484e-22, 2.263540e-01, 1.930161e-23
3.006012, 1.274208e+01, 0.000000e+00, 3.039750e+06, 6.000000e+02, 2.852239e-02, 9.673516e-22, 2.688484e-22, 2.263540e-01, 1.930161e-23
3.206413, 1.274208e+01, 0.000000e+00, 3.039750e+06, 6.000000e+02, 2.852239e-02, 9.673516e-22, 2.688484e-22, 2.263540e-01, 1.930161e-23
3.406814, 1.274208e+01, 0.000000e+00, 3.039750e+06, 6.000000e+02, 2.852239e-02, 9.673516e-22, 2.688484e-22, 2.263540e-01, 1.930161e-23
3.607214, 1.274208e+01, 0.000000e+00, 3.039750e+06, 6.000000e+02, 2.852239e-02, 9.673516e-22, 2.688484e-22, 2.263540e-01, 1.930161e-23
3.807615, 1.274208e+01, 0.000000e+00, 3.039750e+06, 6.000000e+02, 2.852239e-02, 9.673516e-22, 2.688484e-22, 2.263540e-01, 1.930161e-23
4.008016, 1.274208e+01, 0.000000e+00, 3.039750e+06, 6.000000e+02, 2.852239e-02, 9.673516e-22, 2.688484e-22, 2.263540e-01, 1.930161e-23
4.208417, 1.274208e+01, 0.000000e+00, 3.039750e+06, 6.000000e+02, 2.852239e-02, 9.673516e-22, 2.688484e-22, 2.263540e-01, 1.930161e-23
4.408818, 1.274208e+01, 0.000000e+00, 3.039750e+06, 6.000000e+02, 2.852239e-02, 9.673516e-22, 2.688484e-22, 2.263540e-01, 1.930161e-23
4.609218, 1.274208e+01, 0.000000e+00, 3.039750e+06, 6.000000e+02, 2.852239e-02, 9.673516e-22, 2.688484e-22, 2.263540e-01, 1.930161e-23
4.809619, 1.274208e+01, 0.000000e+00, 3.039750e+06, 6.000000e+02, 2.852239e-02, 9.673516e-22, 2.688484e-22, 2.263540e-01, 1.930161e-23
5.010020, 1.274208e+01, 0.000000e+00, 3.039750e+06, 6.000000e+02, 2.852239e-02, 9.673516e-22, 2.688484e-22, 2.263540e-01, 1.930161e-23
5.210421, 1.274208e+01, 0.000000e+00, 3.039750e+06, 6.000000e+02, 2.852239e-02, 9.673516e-22, 2.688484e-22, 2.263540e-01, 1.930161e-23
5.410822, 1.274208e+01, 0.000000e+00, 3.039750e+06, 6.000000e+02, 2.852239e-02, 9.673516e-22, 2.688484e-22, 2.263540e-01, 1.930161e-23
5.611222, 1.274208e+01, 0.000000e+00, 3.039750e+06, 6.000000e+02, 2.852239e-02, 9.673516e-22, 2.688484e-22, 2.263540e-01, 1.930161e-23
5.811623, 1.274208e+01, 0.000000e+00, 3.039750e+06, 6.000000e+02, 2.852239e-02, 9.673516e-22, 2.688484e-22, 2.263540e-01, 1.930161e-23
6.012024, 1.274208e+01, 0.000000e+00, 3.039750e+06, 6.000000e+02, 2.852239e-02, 9.673516e-22, 2.688484e-22, 2.263540e-01, 1.930161e-23
6.212425, 1.274208e+01, 0.000000e+00, 3.039750e+06, 6.000000e+02, 2.852239e-02, 9.673516e-22, 2.688484e-22, 2.263540e-01, 1.930161e-23
6.412826, 1.274208e+01, 0.000000e+00, 3.039750e+06, 6.000000e+02, 2.852239e-02, 9.673516e-22, 2.688484e-22, 2.263540e-01, 1.930161e-23
6.613226, 1.274208e+01, 0.000000e+00, 3.039750e+06, 6.000000e+02, 2.852239e-02, 9.673516e-22, 2.688484e-22, 2.263540e-01, 1.930161e-23
6.813627, 1.274208e+01, 0.000000e+00, 3.039750e+06, 6.000000e+02, 2.852239e-02, 9.673516e-22, 2.688484e-22, 2.263540e-01, 1.930161e-23
7.014028, 1.274208e+01, 0.000000e+00, 3.039750e+06, 6.000000e+02, 2.852239e-02, 9.673516e-22, 2.688484e-22, 2.263540e-01, 1.930161e-23
7.214429, 1.274208e+01, 0.000000e+00, 3.039750e+06, 6.000000e+02, 2.852239e-02, 9.673516e-22, 2.688484e-22, 2.263540e-01, 1.930161e-23
7.414830, 1.274208e+01, 0.000000e+00, 3.039750e+06, 6.000000e+02, 2.852239e-02, 9.673516e-22, 2.688484e-22, 2.263540e-01, 1.930161e-23
7.615230, 1.274208e+01, 0.000000e+00, 3.039750e+06, 6.000000e+02, 2.852239e-02, 9.673516e-22, 2.688484e-22, 2.263540e-01, 1.930161e-23
7.815631, 1.274208e+01, 0.000000e+00, 3.039750e+06, 6.000000e+02, 2.852239e-02, 9.673516e-22, 2.688484e-22, 2.263540e-01, 1.930161e-23
8.016032, 1.274208e+01, 0.000000e+00, 3.039750e+06, 6.000000e+02, 2.852239e-02, 9.673516e-22, 2.688484e-22, 2.263540e-01, 1.930161e-23
8.216433, 1.274208e+01, 0.000000e+00, 3.039750e+06, 6.000000e+02, 2.852239e-02, 9.673516e-22, 2.688484e-22, 2.263540e-01, 1.930161e-23
8.416834, 1.274208e+01, 0.000000e+00, 3.039750e+06, 6.000000e+02, 2.852239e-02, 9.673516e-22, 2.688484e-22, 2.263540e-01, 1.930161e-23
8.617234, 1.274208e+01, 0.000000e+00, 3.039750e+06, 6.000000e+02, 2.852239e-02, 9.673516e-22, 2.688484e-22, 2.263540e-01, 1.930161e-23
8.817635, 1.274208e+01, 0.000000e+00, 3.039750e+06, 6.000000e+02, 2.852239e-02, 9.673516e-22, 2.688484e-22, 2.263540e-01, 1.930161e-23
9.018036, 1.274208e+01, 0.000000e+00, 3.039750e+06, 6.000000e+02, 2.852239e-02, 9.673516e-22, 2.688484e-22, 2.263540e-01, 1.930161e-23
9.218437, 1.274208e+01, 0.000000e+00, 3.039750e+06, 6.000000e+02, 2.852239e-02, 9.673516e-22, 2.688484e-22, 2.263540e-01, 1.930161e-23
9.418838, 1.274208e+01, 0.000000e+00, 3.039750e+06, 6.000000e+02, 2.852239e-02, 9.673516e-22, 2.688484e-22, 2.263540e-01, 1.930161e-23
9.619238, 1.274208e+01, 0.000000e+00, 3.039750e+06, 6.000000e+02, 2.852239e-02, 9.673516e-22, 2.688484e-22, 2.263540e-01, 1.930161e-23
9.819639, 1.274208e+01, 0.000000e+00, 3.039750e+06, 6.000000e+02, 2.852239e-02, 9.673516e-22, 2.688484e-22, 2.263540e-01, 1.930161e-23
10.020040, 1.274208e+01, 0.000000e+00, 3.039750e+06, 6.000000e+02, 2.852239e-02, 9.673516e-22, 2.688484e-22, 2.263540e-01, 1.930161e-23
10.220441, 1.274208e+01, 0.000000e+00, 3.039750e+06, 6.000000e+02, 2.852239e-02, 9.673516e-22, 2.688484e-22, 2.263540e-01, 1.930161e-23
10.420842, 1.274208e+01, 0.000000e+00, 3.039750e+06, 6.000000e+02, 2.852239e-02, 9.673516e-22, 2.688484e-22, 2.263540e-01, 1.930161e-23
10.621242, 1.274208e+01, 0.000000e+00, 3.039750e+06, 6.000000e+02, 2.852239e-02, 9.673516e-22, 2.688484e-22, 2.263540e-01, 1.930161e-23
10.821643, 1.274208e+01, 0.000000e+00, 3.039750e+06, 6.000000e+02, 2.852239e-02, 9.673516e-22, 2.688484e-22, 2.263540e-01, 1.930161e-23
11.022044, 1.274208e+01, 0.000000e+00, 3.039750e+06, 6.000000e+02, 2.852239e-02, 9.673516e-22, 2.688484e-22, 2.263540e-01, 1.930161e-23
11.222445, 1.274208e+01, 0.000000e+00, 3.039750e+06, 6.000000e+02, 2.852239e-02, 9.673516e-22, 2.688484e-22, 2.263540e-01, 1.930161e-23
11.422846, 1.274208e+01, 0.000000e+00, 3.039750e+06, 6.000000e+02, 2.852239e-02, 9.673516e-22, 2.688484e-22, 2.263540e-01, 1.930161e-23
11.623246, 1.274208e+01, 0.000000e+00, 3.039750e+06, 6.000000e+02, 2.852239e-02, 9.673516e-22, 2.688484e-22, 2.263540e-01, 1.930161e-23
11.823647, 1.274208e+01, 0.000000e+00, 3.039750e+06, 6.000000e+02, 2.852239e-02, 9.673516e-22, 2.688484e-22, 2.263540e-01, 1.930161e-23
12.024048, 1.274208e+01, 0.000000e+00, 3.039750e+06, 6.000000e+02, 2.852239e-02, 9.673516e-22, 2.688484e-22, 2.263540e-01, 1.930161e-23
12.224449, 1.274208e+01, 0.000000e+00, 3.039750e+06, 6.000000e+02, 2.852239e-02, 9.673516e-22, 2.688484e-22, 2.263540e-01, 1.930161e-23
12.424850, 1.274208e+01, 0.000000e+00, 3.039750e+06, 6.000000e+02, 2.852239e-02, 9.673516e-22, 2.688484e-22, 2.263540e-01, 1.930161e-23
12.625251, 1.274208e+01, 0.000000e+00, 3.039750e+06, 6.000000e+02, 2.852239e-02, 9.673516e-22, 2.688484e-22, 2.263540e-01, 1.930161e-23
12.825651, 1.274208e+01, 0.000000e+00, 3.039750e+06, 6.000000e+02, 2.852239e-02, 9.673516e-22, 2.688484e-22, 2.263540e-01, 1.930161e-23
13.026052, 1.274208e+01, 0.000000e+00, 3.039750e+06, 6.000000e+02, 2.852239e-02, 9.673516e-22, 2.688484e-22, 2.263540e-01, 1.930161e-23
13.226453, 1.274208e+01, 0.000000e+00, 3.039750e+06, 6.000000e+02, 2.852239e-02, 9.673516e-22, 2.688484e-22, 2.263540e-01, 1.930161e-23
13.426854, 1.274208e+01, 0.000000e+00, 3.039750e+06, 6.000000e+02, 2.852239e-02, 9.673516e-22, 2.688484e-22, 2.263540e-01, 1.930161e-23
13.627255, 1.274208e+01, 0.000000e+00, 3.039750e+06, 6.000000e+02, 2.852239e-02, 9.673516e-22, 2.688484e-22, 2.263540e-01, 1.930161e-23
13.827655, 1.274208e+01, 0.000000e+00, 3.039750e+06, 6.000000e+02, 2.852239e-02, 9.673516e-22, 2.688484e-22, 2.263540e-01, 1.930161e-23
14.028056, 1.274208e+01, 0.000000e+00, 3.039750e+06, 6.000000e+02, 2.852239e-02, 9.673516e-22, 2.688484e-22, 2.263540e-01, 1.930161e-23
14.228457, 1.274208e+01, 0.000000e+00, 3.039750e+06, 6.000000e+02, 2.852239e-02, 9.673516e-22, 2.688484e-22, 2.263540e-01, 1.930161e-23
14.428858, 1.274208e+01, -3.787654e-14, 3.039750e+06, 6.000000e+02, 2.852239e-02, 9.673516e-22, 2.688484e-22, 2.263540e-01, 1.930161e-23
14.629259, 1.274208e+01, -4.005775e-13, 3.039750e+06, 6.000000e+02, 2.852239e-02, 9.673516e-22, 2.688484e-22, 2.263540e-01, 1.930161e-23
14.829659, 1.274208e+01, -2.490568e-12, 3.039750e+06, 6.000000e+02, 2.852239e-02, 9.673516e-22, 2.688484e-22, 2.263540e-01, 1.930161e-23
15.030060, 1.274208e+01, -1.296501e-11, 3.039750e+06, 6.000000e+02, 2.852239e-02, 9.673516e-22, 2.688484e-22, 2.263540e-01, 1.930161e-23
15.230461, 1.274208e+01, -6.459484e-11, 3.039750e+06, 6.000000e+02, 2.852239e-02, 9.673516e-22, 2.688484e-22, 2.263540e-01, 1.930161e-23
15.430862, 1.274208e+01, -3.101191e-10, 3.039750e+06, 6.000000e+02, 2.852239e-02, 9.673516e-22, 2.688484e-22, 2.263540e-01, 1.930161e-23
15.631263, 1.274208e+01, -1.440633e-09, 3.039750e+06, 6.000000e+02, 2.852239e-02, 9.673516e-22, 2.688484e-22, 2.263540e-01, 1.930161e-23
15.831663, 1.274208e+01, -6.477814e-09, 3.039750e+06, 6.000000e+02, 2.852239e-02, 9.673516e-22, 2.688484e-22, 2.263540e-01, 1.930161e-23
16.032064, 1.274208e+01, -2.817918e-08, 3.039750e+06, 6.000000e+02, 2.852239e-02, 9.673516e-22, 2.688484e-22, 2.263540e-01, 1.930161e-23
16.232465, 1.274208e+01, -1.185164e-07, 3.039750e+06, 6.000000e+02, 2.852239e-02, 9.673516e-22, 2.688484e-22, 2.263540e-01, 1.930161e-23
16.432866, 1.274208e+01, -4.816046e-07, 3.039750e+06, 6.000000e+02, 2.852239e-02, 9.673516e-22, 2.688484e-22, 2.263540e-01, 1.930161e-23
16.633267, 1.274208e+01, -1.889592e-06, 3.039750e+06, 6.000000e+02, 2.852239e-02, 9.673516e-22, 2.688484e-22, 2.263540e-01, 1.930161e-23
16.833667, 1.274208e+01, -7.153200e-06, 3.039750e+06, 6.000000e+02, 2.852239e-02, 9.673516e-22, 2.688484e-22, 2.263540e-01, 1.930162e-23
17.034068, 1.274208e+01, -2.610731e-05, 3.039750e+06, 6.000000e+02, 2.852239e-02, 9.673516e-22, 2.688484e-22, 2.263540e-01, 1.930162e-23
17.234469, 1.274208e+01, -9.179352e-05, 3.039751e+06, 6.000000e+02, 2.852239e-02, 9.673515e-22, 2.688484e-22, 2.263540e-01, 1.930162e-23
17.434870, 1.274209e+01, -3.106654e-04, 3.039752e+06, 6.000000e+02, 2.852239e-02, 9.673511e-22, 2.688483e-22, 2.263540e-01, 1.930161e-23
17.635271, 1.274211e+01, -1.011186e-03, 3.039756e+06, 6.000000e+02, 2.852239e-02, 9.673498e-22, 2.688480e-22, 2.263540e-01, 1.930159e-23
17.835671, 1.274216e+01, -3.162549e-03, 3.039768e+06, 6.000000e+02, 2.852239e-02, 9.673460e-22, 2.688469e-22, 2.263540e-01, 1.930151e-23
18.036072, 1.274231e+01, -9.495218e-03, 3.039804e+06, 6.000000e+02, 2.852239e-02, 9.673345e-22, 2.688437e-22, 2.263540e-01, 1.930129e-23
18.236473, 1.274273e+01, -2.734071e-02, 3.039905e+06, 6.000000e+02, 2.852239e-02, 9.673023e-22, 2.688349e-22, 2.263540e-01, 1.930065e-23
18.436874, 1.274388e+01, -7.542274e-02, 3.040179e+06, 6.000000e+02, 2.852239e-02, 9.672153e-22, 2.688109e-22, 2.263540e-01, 1.929892e-23
18.637275, 1.274684e+01, -1.991084e-01, 3.040885e+06, 6.000000e+02, 2.852239e-02, 9.669911e-22, 2.687489e-22, 2.263540e-01, 1.929447e-23
18.837675, 1.275411e+01, -5.023281e-01, 3.042620e+06, 6.000000e+02, 2.852239e-02, 9.664402e-22, 2.685968e-22, 2.263540e-01, 1.928351e-23
19.038076, 1.277113e+01, -1.208980e+00, 3.046679e+06, 6.000000e+02, 2.852239e-02, 9.651545e-22, 2.682415e-22, 2.263540e-01, 1.925794e-23
19.238477, 1.280885e+01, -2.768297e+00, 3.055677e+06, 6.000000e+02, 2.852239e-02, 9.623170e-22, 2.674568e-22, 2.263540e-01, 1.920148e-23
19.438878, 1.288766e+01, -6.004304e+00, 3.074480e+06, 6.000000e+02, 2.852239e-02, 9.564423e-22, 2.658311e-22, 2.263540e-01, 1.908467e-23
19.639279, 1.304150e+01, -1.224822e+01, 3.111178e+06, 6.000000e+02, 2.852239e-02, 9.451867e-22, 2.627138e-22, 2.263540e-01, 1.890603e-23
19.839679, 1.331797e+01, -2.325046e+01, 3.177135e+06, 6.000000e+02, 2.852239e-02, 9.261659e-22, 2.574411e-22, 2.263540e-01, 2.524581e-23
20.040080, 1.376659e+01, -4.053404e+01, 3.284157e+06, 6.000000e+02, 2.852239e-02, 9.308956e-22, 2.587630e-22, 2.263540e-01, 4.626271e-22
20.240481, 1.440933e+01, -6.414451e+01, 3.437488e+06, 6.000000e+02, 2.852238e-02, 1.923452e-21, 5.345169e-22, 2.263539e-01, 1.408025e-20
20.440882, 1.520718e+01, -9.173390e+01, 3.627821e+06, 6.000000e+02, 2.852224e-02, 1.781704e-20, 4.951594e-21, 2.263528e-01, 2.373394e-19
20.641283, 1.605716e+01, -1.192595e+02, 3.830561e+06, 6.000000e+02, 2.852076e-02, 1.602585e-19, 4.453913e-20, 2.263408e-01, 2.388003e-18
20.841683, 1.683435e+01, -1.429119e+02, 4.015753e+06, 6.000000e+02, 2.851071e-02, 9.742633e-19, 2.708038e-19, 2.262593e-01, 1.589196e-17
21.042084, 1.744498e+01, -1.604725e+02, 4.160336e+06, 6.000000e+02, 2.846174e-02, 4.170460e-18, 1.159674e-18, 2.258628e-01, 7.614445e-17
21.242485, 1.784982e+01, -1.712787e+02, 4.252794e+06, 6.000000e+02, 2.827987e-02, 1.310419e-17, 3.646654e-18, 2.243929e-01, 2.800401e-16
21.442886, 1.805611e+01, -1.754297e+02, 4.289750e+06, 6.000000e+02, 2.774280e-02, 3.083116e-17, 8.582790e-18, 2.200607e-01, 8.300154e-16
21.643287, 1.809964e+01, -1.730630e+02, 4.270732e+06, 6.000002e+02, 2.645000e-02, 5.536967e-17, 1.537338e-17, 2.096561e-01, 2.067007e-15
21.843687, 1.802624e+01, -1.641678e+02, 4.195427e+06, 6.000011e+02, 2.387951e-02, 8.066800e-17, 2.221837e-17, 1.890211e-01, 4.505439e-15
22.044088, 1.786098e+01, -1.491828e+02, 4.062043e+06, 6.000049e+02, 1.961962e-02, 1.121436e-16, 3.075292e-17, 1.549243e-01, 8.961081e-15
22.244489, 1.738018e+01, -1.349278e+02, 3.823754e+06, 6.000292e+02, 1.364328e-02, 2.261889e-16, 7.637287e-17, 1.072798e-01, 1.705823e-14
22.444890, 1.291838e+01, -2.267391e+02, 2.731899e+06, 6.012130e+02, 6.390619e-03, 1.727222e-15, 2.767905e-13, 4.986961e-02, 6.415339e-14
22.645291, 3.116128e+00, -6.607831e+02, 2.006133e+06, 1.896568e+03, 2.835377e-04, 3.449306e-06, 8.931714e-06, 2.039862e-03, 4.809209e-04
22.845691, 2.103407e+00, -7.571548e+02, 2.272066e+06, 3.090117e+03, 2.893483e-03, 3.418768e-04, 2.311673e-03, 1.527013e-02, 1.715984e-02
23.046092, 2.155224e+00, -6.815187e+02, 2.349137e+06, 3.113611e+03, 2.997653e-03, 3.664029e-04, 2.491562e-03, 1.575022e-02, 1.792476e-02
23.246493, 2.224539e+00, -5.981306e+02, 2.429512e+06, 3.119619e+03, 3.002155e-03, 3.667957e-04, 2.497559e-03, 1.575314e-02, 1.798739e-02
23.446894, 2.275967e+00, -5.206518e+02, 2.489509e+06, 3.124231e+03, 3.006800e-03, 3.674202e-04, 2.504372e-03, 1.576177e-02, 1.804270e-02
23.647295, 2.311352e+00, -4.480453e+02, 2.531286e+06, 3.127791e+03, 3.012279e-03, 3.684162e-04, 2.513156e-03, 1.577859e-02, 1.809692e-02
23.847695, 2.336059e+00, -3.776954e+02, 2.560840e+06, 3.130599e+03, 3.017926e-03, 3.695625e-04, 2.522566e-03, 1.579895e-02, 1.814779e-02
24.048096, 2.353817e+00, -3.077937e+02, 2.582323e+06, 3.132819e+03, 3.023114e-03, 3.706666e-04, 2.531368e-03, 1.581891e-02, 1.819244e-02
24.248497, 2.366354e+00, -2.374631e+02, 2.597645e+06, 3.134519e+03, 3.027503e-03, 3.716267e-04, 2.538900e-03, 1.583642e-02, 1.822919e-02
24.448898, 2.374122e+00, -1.664242e+02, 2.607290e+06, 3.135711e+03, 3.030977e-03, 3.724086e-04, 2.544930e-03, 1.585081e-02, 1.825739e-02
24.649299, 2.376982e+00, -9.469217e+01, 2.611089e+06, 3.136389e+03, 3.033531e-03, 3.730115e-04, 2.549448e-03, 1.586209e-02, 1.827696e-02
24.849699, 2.374632e+00, -2.240161e+01, 2.608696e+06, 3.136540e+03, 3.035213e-03, 3.734496e-04, 2.552543e-03, 1.587057e-02, 1.828812e-02
25.050100, 2.366522e+00, 5.019007e+01, 2.599620e+06, 3.136270e+03, 3.036791e-03, 3.739179e-04, 2.555612e-03, 1.587998e-02, 1.829615e-02
25.250501, 2.352417e+00, 1.226044e+02, 2.583563e+06, 3.135526e+03, 3.038093e-03, 3.743773e-04, 2.558356e-03, 1.588961e-02, 1.829970e-02
25.450902, 2.333363e+00, 1.944056e+02, 2.561603e+06, 3.134244e+03, 3.038424e-03, 3.746457e-04, 2.559489e-03, 1.589595e-02, 1.829415e-02
25.651303, 2.309818e+00, 2.654209e+02, 2.534272e+06, 3.132439e+03, 3.037718e-03, 3.747038e-04, 2.558884e-03, 1.589860e-02, 1.827918e-02
25.851703, 2.282190e+00, 3.355574e+02, 2.502048e+06, 3.130122e+03, 3.035923e-03, 3.745353e-04, 2.556436e-03, 1.589724e-02, 1.825455e-02
26.052104, 2.250497e+00, 4.049497e+02, 2.464972e+06, 3.127288e+03, 3.033061e-03, 3.741471e-04, 2.552192e-03, 1.589199e-02, 1.822037e-02
26.252505, 2.213826e+00, 4.742083e+02, 2.422051e+06, 3.123894e+03, 3.029316e-03, 3.735959e-04, 2.546518e-03, 1.588399e-02, 1.817752e-02
26.452906, 2.169975e+00, 5.445966e+02, 2.370845e+06, 3.119823e+03, 3.025048e-03, 3.729966e-04, 2.540138e-03, 1.587558e-02, 1.812751e-02
26.653307, 2.116825e+00, 6.173394e+02, 2.308986e+06, 3.114907e+03, 3.020377e-03, 3.724066e-04, 2.533350e-03, 1.586802e-02, 1.807006e-02
26.853707, 2.060639e+00, 6.892507e+02, 2.243380e+06, 3.109220e+03, 3.013314e-03, 3.712718e-04, 2.522406e-03, 1.585030e-02, 1.799359e-02
27.054108, 2.054815e+00, 7.352495e+02, 2.221258e+06, 3.091324e+03, 2.919789e-03, 3.486124e-04, 2.358124e-03, 1.540826e-02, 1.732483e-02
27.254509, 3.032873e+00, 6.114137e+02, 2.147961e+06, 2.085900e+03, 3.015607e-04, 4.225522e-06, 1.516396e-05, 2.043116e-03, 7.803512e-04
27.454910, 1.216114e+01, 2.236796e+02, 2.648154e+06, 6.214677e+02, 5.769647e-03, 6.593726e-15, 1.308135e-14, 4.463800e-02, 2.230621e-13
27.655311, 1.704823e+01, 1.250115e+02, 3.737812e+06, 6.004277e+02, 1.294427e-02, 4.631312e-16, 3.072498e-16, 1.014872e-01, 2.310183e-14
27.855711, 1.767670e+01, 1.388278e+02, 4.003068e+06, 6.000229e+02, 1.885895e-02, 1.874053e-16, 5.153515e-17, 1.486883e-01, 1.176640e-14
28.056112, 1.795378e+01, 1.560802e+02, 4.162226e+06, 6.000037e+02, 2.316194e-02, 1.181061e-16, 3.321514e-17, 1.831778e-01, 6.083308e-15
28.256513, 1.815518e+01, 1.684659e+02, 4.271260e+06, 6.000009e+02, 2.590247e-02, 8.197743e-17, 2.271763e-17, 2.052112e-01, 2.947197e-15
28.456914, 1.825568e+01, 1.751154e+02, 4.329443e+06, 6.000002e+02, 2.740836e-02, 5.211825e-17, 1.495561e-17, 2.173484e-01, 1.291312e-15
28.657315, 1.820545e+01, 1.757541e+02, 4.333760e+06, 6.000000e+02, 2.811631e-02, 2.728965e-17, 7.597441e-18, 2.230665e-01, 4.951342e-16
28.857715, 1.795946e+01, 1.700890e+02, 4.281588e+06, 6.000000e+02, 2.839815e-02, 1.118948e-17, 3.116266e-18, 2.253469e-01, 1.607301e-16
29.058116, 1.749288e+01, 1.577898e+02, 4.172416e+06, 6.000000e+02, 2.849147e-02, 3.510022e-18, 9.762087e-19, 2.261031e-01, 4.254887e-17
29.258517, 1.681660e+01, 1.388785e+02, 4.011639e+06, 6.000000e+02, 2.851640e-02, 8.204482e-19, 2.280595e-19, 2.263054e-01, 8.759116e-18
29.458918, 1.599130e+01, 1.144061e+02, 3.814867e+06, 6.000000e+02, 2.852154e-02, 1.367016e-19, 3.799186e-20, 2.263471e-01, 1.316310e-18
29.659319, 1.512511e+01, 8.696782e+01, 3.608243e+06, 6.000000e+02, 2.852231e-02, 1.569478e-20, 4.361740e-21, 2.263533e-01, 1.331617e-19
29.859719, 1.434050e+01, 6.036635e+01, 3.421069e+06, 6.000000e+02, 2.852238e-02, 1.841676e-21, 5.117748e-22, 2.263540e-01, 8.265195e-21
30.060120, 1.372443e+01, 3.816344e+01, 3.274100e+06, 6.000000e+02, 2.852239e-02, 9.338143e-22, 2.595737e-22, 2.263540e-01, 3.021728e-22
30.260521, 1.329988e+01, 2.211777e+01, 3.172817e+06, 6.000000e+02, 2.852239e-02, 9.275132e-22, 2.578154e-22, 2.263540e-01, 2.350179e-23
30.460922, 1.303803e+01, 1.189472e+01, 3.110351e+06, 6.000000e+02, 2.852239e-02, 9.454396e-22, 2.627840e-22, 2.263540e-01, 1.890748e-23
30.661323, 1.289037e+01, 6.011834e+00, 3.075126e+06, 6.000000e+02, 2.852239e-02, 9.562418e-22, 2.657756e-22, 2.263540e-01, 1.908071e-23
30.861723, 1.281283e+01, 2.884515e+00, 3.056627e+06, 6.000000e+02, 2.852239e-02, 9.620187e-22, 2.673742e-22, 2.263540e-01, 1.919554e-23
31.062124, 1.277439e+01, 1.322851e+00, 3.047458e+06, 6.000000e+02, 2.852239e-02, 9.649084e-22, 2.681733e-22, 2.263540e-01, 1.925304e-23
31.262525, 1.275626e+01, 5.823449e-01, 3.043132e+06, 6.000000e+02, 2.852239e-02, 9.662779e-22, 2.685519e-22, 2.263540e-01, 1.928029e-23
31.462926, 1.274807e+01, 2.467448e-01, 3.041179e+06, 6.000000e+02, 2.852239e-02, 9.668976e-22, 2.687231e-22, 2.263540e-01, 1.929261e-23
31.663327, 1.274452e+01, 1.008082e-01, 3.040332e+06, 6.000000e+02, 2.852239e-02, 9.671666e-22, 2.687974e-22, 2.263540e-01, 1.929795e-23
31.863727, 1.274304e+01, 3.976575e-02, 3.039979e+06, 6.000000e+02, 2.852239e-02, 9.672788e-22, 2.688284e-22, 2.263540e-01, 1.930018e-23
32.064128, 1.274245e+01, 1.516266e-02, 3.039837e+06, 6.000000e+02, 2.852239e-02, 9.673239e-22, 2.688408e-22, 2.263540e-01, 1.930108e-23
32.264529, 1.274222e+01, 5.594149e-03, 3.039782e+06, 6.000000e+02, 2.852239e-02, 9.673414e-22, 2.688456e-22, 2.263540e-01, 1.930142e-23
32.464930, 1.274213e+01, 1.998935e-03, 3.039761e+06, 6.000000e+02, 2.852239e-02, 9.673480e-22, 2.688474e-22, 2.263540e-01, 1.930155e-23
32.665331, 1.274210e+01, 6.924130e-04, 3.039754e+06, 6.000000e+02, 2.852239e-02, 9.673504e-22, 2.688481e-22, 2.263540e-01, 1.930160e-23
32.865731, 1.274209e+01, 2.327098e-04, 3.039751e+06, 6.000000e+02, 2.852239e-02, 9.673512e-22, 2.688483e-22, 2.263540e-01, 1.930161e-23
33.066132, 1.274208e+01, 7.594767e-05, 3.039750e+06, 6.000000e+02, 2.852239e-02, 9.673515e-22, 2.688484e-22, 2.263540e-01, 1.930162e-23
33.266533, 1.274208e+01, 2.408897e-05, 3.039750e+06, 6.000000e+02, 2.852239e-02, 9.673516e-22, 2.688484e-22, 2.263540e-01, 1.930162e-23
33.466934, 1.274208e+01, 7.431316e-06, 3.039750e+06, 6.000000e+02, 2.852239e-02, 9.673516e-22, 2.688484e-22, 2.263540e-01, 1.930162e-23
33.667335, 1.274208e+01, 2.231432e-06, 3.039750e+06, 6.000000e+02, 2.852239e-02, 9.673516e-22, 2.688484e-22, 2.263540e-01, 1.930161e-23
33.867735, 1.274208e+01, 6.526577e-07, 3.039750e+06, 6.000000e+02, 2.852239e-02, 9.673516e-22, 2.688484e-22, 2.263540e-01, 1.930161e-23
34.068136, 1.274208e+01, 1.860684e-07, 3.039750e+06, 6.000000e+02, 2.852239e-02, 9.673516e-22, 2.688484e-22, 2.263540e-01, 1.930161e-23
34.268537, 1.274208e+01, 5.174095e-08, 3.039750e+06, 6.000000e+02, 2.852239e-02, 9.673516e-22, 2.688484e-22, 2.263540e-01, 1.930161e-23
34.468938, 1.274208e+01, 1.404278e-08, 3.039750e+06, 6.000000e+02, 2.852239e-02, 9.673516e-22, 2.688484e-22, 2.263540e-01, 1.930161e-23
34.669339, 1.274208e+01, 3.722212e-09, 3.039750e+06, 6.000000e+02, 2.852239e-02, 9.673516e-22, 2.688484e-22, 2.263540e-01, 1.930161e-23
34.869739, 1.274208e+01, 9.640567e-10, 3.039750e+06, 6.000000e+02, 2.852239e-02, 9.673516e-22, 2.688484e-22, 2.263540e-01, 1.930161e-23
35.070140, 1.274208e+01, 2.440415e-10, 3.039750e+06, 6.000000e+02, 2.852239e-02, 9.673516e-22, 2.688484e-22, 2.263540e-01, 1.930161e-23
35.270541, 1.274208e+01, 6.043573e-11, 3.039750e+06, 6.000000e+02, 2.852239e-02, 9.673516e-22, 2.688484e-22, 2.263540e-01, 1.930161e-23
35.470942, 1.274208e+01, 1.450512e-11, 3.039750e+06, 6.000000e+02, 2.852239e-02, 9.673516e-22, 2.688484e-22, 2.263540e-01, 1.930161e-23
35.671343, 1.274208e+01, 3.238418e-12, 3.039750e+06, 6.000000e+02, 2.852239e-02, 9.673516e-22, 2.688484e-22, 2.263540e-01, 1.930161e-23
35.871743, 1.274208e+01, 7.512447e-13, 3.039750e+06, 6.000000e+02, 2.852239e-02, 9.673516e-22, 2.688484e-22, 2.263540e-01, 1.930161e-23
36.072144, 1.274208e+01, 1.740292e-13, 3.039750e+06, 6.000000e+02, 2.852239e-02, 9.673516e-22, 2.688484e-22, 2.263540e-01, 1.930161e-23
36.272545, 1.274208e+01, 2.277870e-14, 3.039750e+06, 6.000000e+02, 2.852239e-02, 9.673516e-22, 2.688484e-22, 2.263540e-01, 1.930161e-23
36.472946, 1.274208e+01, 0.000000e+00, 3.039750e+06, 6.000000e+02, 2.852239e-02, 9.673516e-22, 2.688484e-22, 2.263540e-01, 1.930161e-23
36.673347, 1.274208e+01, 0.000000e+00, 3.039750e+06, 6.000000e+02, 2.852239e-02, 9.673516e-22, 2.688484e-22, 2.263540e-01, 1.930161e-23
36.873747, 1.274208e+01, 0.000000e+00, 3.039750e+06, 6.000000e+02, 2.852239e-02, 9.673516e-22, 2.688484e-22, 2.263540e-01, 1.930161e-23
37.074148, 1.274208e+01, 0.000000e+00, 3.039750e+06, 6.000000e+02, 2.852239e-02, 9.673516e-22, 2.688484e-22, 2.263540e-01, 1.930161e-23
37.274549, 1.274208e+01, 0.000000e+00, 3.039750e+06, 6.000000e+02, 2.852239e-02, 9.673516e-22, 2.688484e-22, 2.263540e-01, 1.930161e-23
37.474950, 1.274208e+01, 0.000000e+00, 3.039750e+06, 6.000000e+02, 2.852239e-02, 9.673516e-22, 2.688484e-22, 2.263540e-01, 1.930161e-23
37.675351, 1.274208e+01, 0.000000e+00, 3.039750e+06, 6.000000e+02, 2.852239e-02, 9.673516e-22, 2.688484e-22, 2.263540e-01, 1.930161e-23
37.875752, 1.274208e+01, 0.000000e+00, 3.039750e+06, 6.000000e+02, 2.852239e-02, 9.673516e-22, 2.688484e-22, 2.263540e-01, 1.930161e-23
38.076152, 1.274208e+01, 0.000000e+00, 3.039750e+06, 6.000000e+02, 2.852239e-02, 9.673516e-22, 2.688484e-22, 2.263540e-01, 1.930161e-23
38.276553, 1.274208e+01, 0.000000e+00, 3.039750e+06, 6.000000e+02, 2.852239e-02, 9.673516e-22, 2.688484e-22, 2.263540e-01, 1.930161e-23
38.476954, 1.274208e+01, 0.000000e+00, 3.039750e+06, 6.000000e+02, 2.852239e-02, 9.673516e-22, 2.688484e-22, 2.263540e-01, 1.930161e-23
38.677355, 1.274208e+01, 0.000000e+00, 3.039750e+06, 6.000000e+02, 2.852239e-02, 9.673516e-22, 2.688484e-22, 2.263540e-01, 1.930161e-23
38.877756, 1.274208e+01, 0.000000e+00, 3.039750e+06, 6.000000e+02, 2.852239e-02, 9.673516e-22, 2.688484e-22, 2.263540e-01, 1.930161e-23
39.078156, 1.274208e+01, 0.000000e+00, 3.039750e+06, 6.000000e+02, 2.852239e-02, 9.673516e-22, 2.688484e-22, 2.263540e-01, 1.930161e-23
39.278557, 1.274208e+01, 0.000000e+00, 3.039750e+06, 6.000000e+02, 2.852239e-02, 9.673516e-22, 2.688484e-22, 2.263540e-01, 1.930161e-23
39.478958, 1.274208e+01, 0.000000e+00, 3.039750e+06, 6.000000e+02, 2.852239e-02, 9.673516e-22, 2.688484e-22, 2.263540e-01, 1.930161e-23
39.679359, 1.274208e+01, 0.000000e+00, 3.039750e+06, 6.000000e+02, 2.852239e-02, 9.673516e-22, 2.688484e-22, 2.263540e-01, 1.930161e-23
39.879760, 1.274208e+01, 0.000000e+00, 3.039750e+06, 6.000000e+02, 2.852239e-02, 9.673516e-22, 2.688484e-22, 2.263540e-01, 1.930161e-23
40.080160, 1.274208e+01, 0.000000e+00, 3.039750e+06, 6.000000e+02, 2.852239e-02, 9.673516e-22, 2.688484e-22, 2.263540e-01, 1.930161e-23
40.280561, 1.274208e+01, 0.000000e+00, 3.039750e+06, 6.000000e+02, 2.852239e-02, 9.673516e-22, 2.688484e-22, 2.263540e-01, 1.930161e-23
40.480962, 1.274208e+01, 0.000000e+00, 3.039750e+06, 6.000000e+02, 2.852239e-02, 9.673516e-22, 2.688484e-22, 2.263540e-01, 1.930161e-23
40.681363, 1.274208e+01, 0.000000e+00, 3.039750e+06, 6.000000e+02, 2.852239e-02, 9.673516e-22, 2.688484e-22, 2.263540e-01, 1.930161e-23
40.881764, 1.274208e+01, 0.000000e+00, 3.039750e+06, 6.000000e+02, 2.852239e-02, 9.673516e-22, 2.688484e-22, 2.263540e-01, 1.930161e-23
41.082164, 1.274208e+01, 0.000000e+00, 3.039750e+06, 6.000000e+02, 2.852239e-02, 9.673516e-22, 2.688484e-22, 2.263540e-01, 1.930161e-23
41.282565, 1.274208e+01, 0.000000e+00, 3.039750e+06, 6.000000e+02, 2.852239e-02, 9.673516e-22, 2.688484e-22, 2.263540e-01, 1.930161e-23
41.482966, 1.274208e+01, 3.786310e-14, 3.039750e+06, 6.000000e+02, 2.852239e-02, 9.673516e-22, 2.688484e-22, 2.263540e-01, 1.930161e-23
41.683367, 1.274208e+01, 2.980374e-13, 3.039750e+06, 6.000000e+02, 2.852239e-02, 9.673516e-22, 2.688484e-22, 2.263540e-01, 1.930161e-23
41.883768, 1.274208e+01, 1.443378e-12, 3.039750e+06, 6.000000e+02, 2.852239e-02, 9.673516e-22, 2.688484e-22, 2.263540e-01, 1.930161e-23
42.084168, 1.274208e+01, 6.956315e-12, 3.039750e+06, 6.000000e+02, 2.852239e-02, 9.673516e-22, 2.688484e-22, 2.263540e-01, 1.930161e-23
42.284569, 1.274208e+01, 3.402430e-11, 3.039750e+06, 6.000000e+02, 2.852239e-02, 9.673516e-22, 2.688484e-22, 2.263540e-01, 1.930161e-23
42.484970, 1.274208e+01, 1.617258e-10, 3.039750e+06, 6.000000e+02, 2.852239e-02, 9.673516e-22, 2.688484e-22, 2.263540e-01, 1.930161e-23
42.685371, 1.274208e+01, 7.415633e-10, 3.039750e+06, 6.000000e+02, 2.852239e-02, 9.673516e-22, 2.688484e-22, 2.263540e-01, 1.930161e-23
42.885772, 1.274208e+01, 3.284984e-09, 3.039750e+06, 6.000000e+02, 2.852239e-02, 9.673516e-22, 2.688484e-22, 2.263540e-01, 1.930161e-23
43.086172, 1.274208e+01, 1.406259e-08, 3.039750e+06, 6.000000e+02, 2.852239e-02, 9.673516e-22, 2.688484e-22, 2.263540e-01, 1.930161e-23
43.286573, 1.274208e+01, 5.814292e-08, 3.039750e+06, 6.000000e+02, 2.852239e-02, 9.673516e-22, 2.688484e-22, 2.263540e-01, 1.930161e-23
43.486974, 1.274208e+01, 2.320045e-07, 3.039750e+06, 6.000000e+02, 2.852239e-02, 9.673516e-22, 2.688484e-22, 2.263540e-01, 1.930161e-23
43.687375, 1.274208e+01, 8.927222e-07, 3.039750e+06, 6.000000e+02, 2.852239e-02, 9.673516e-22, 2.688484e-22, 2.263540e-01, 1.930161e-23
43.887776, 1.274208e+01, 3.309689e-06, 3.039750e+06, 6.000000e+02, 2.852239e-02, 9.673516e-22, 2.688485e-22, 2.263540e-01, 1.930161e-23
44.088176, 1.274208e+01, 1.181179e-05, 3.039750e+06, 6.000000e+02, 2.852239e-02, 9.673517e-22, 2.688485e-22, 2.263540e-01, 1.930162e-23
44.288577, 1.274208e+01, 4.053987e-05, 3.039750e+06, 6.000000e+02, 2.852239e-02, 9.673517e-22, 2.688485e-22, 2.263540e-01, 1.930162e-23
44.488978, 1.274208e+01, 1.336715e-04, 3.039749e+06, 6.000000e+02, 2.852239e-02, 9.673519e-22, 2.688485e-22, 2.263540e-01, 1.930163e-23
44.689379, 1.274207e+01, 4.229658e-04, 3.039748e+06, 6.000000e+02, 2.852239e-02, 9.673524e-22, 2.688487e-22, 2.263540e-01, 1.930164e-23
44.889780, 1.274205e+01, 1.282823e-03, 3.039743e+06, 6.000000e+02, 2.852239e-02, 9.673539e-22, 2.688491e-22, 2.263540e-01, 1.930167e-23
45.090180, 1.274199e+01, 3.724529e-03, 3.039729e+06, 6.000000e+02, 2.852239e-02, 9.673583e-22, 2.688503e-22, 2.263540e-01, 1.930176e-23
45.290581, 1.274184e+01, 1.033776e-02, 3.039691e+06, 6.000000e+02, 2.852239e-02, 9.673703e-22, 2.688536e-22, 2.263540e-01, 1.930200e-23
45.490982, 1.274143e+01, 2.739034e-02, 3.039594e+06, 6.000000e+02, 2.852239e-02, 9.674012e-22, 2.688621e-22, 2.263540e-01, 1.930262e-23
45.691383, 1.274043e+01, 6.916875e-02, 3.039355e+06, 6.000000e+02, 2.852239e-02, 9.674772e-22, 2.688831e-22, 2.263540e-01, 1.930413e-23
45.891784, 1.273809e+01, 1.662102e-01, 3.038798e+06, 6.000000e+02, 2.852239e-02, 9.676543e-22, 2.689321e-22, 2.263540e-01, 1.930765e-23
46.092184, 1.273295e+01, 3.794220e-01, 3.037570e+06, 6.000000e+02, 2.852239e-02, 9.680447e-22, 2.690400e-22, 2.263540e-01, 1.931542e-23
46.292585, 1.272225e+01, 8.215093e-01, 3.035018e+06, 6.000000e+02, 2.852239e-02, 9.688575e-22, 2.692649e-22, 2.263540e-01, 1.933160e-23
46.492986, 1.270130e+01, 1.684703e+00, 3.030020e+06, 6.000000e+02, 2.852239e-02, 9.704523e-22, 2.697064e-22, 2.263540e-01, 1.936336e-23
46.693387, 1.266277e+01, 3.269079e+00, 3.020830e+06, 6.000000e+02, 2.852239e-02, 9.733984e-22, 2.705223e-22, 2.263540e-01, 1.942203e-23
46.893788, 1.259633e+01, 6.000177e+00, 3.004980e+06, 6.000000e+02, 2.852239e-02, 9.785203e-22, 2.719415e-22, 2.263540e-01, 1.952405e-23
47.094188, 1.248896e+01, 1.042214e+01, 2.979365e+06, 6.000000e+02, 2.852239e-02, 9.869103e-22, 2.742671e-22, 2.263540e-01, 1.969121e-23
47.294589, 1.232628e+01, 1.715761e+01, 2.940556e+06, 6.000000e+02, 2.852239e-02, 9.998954e-22, 2.778678e-22, 2.263540e-01, 1.994996e-23
47.494990, 1.209481e+01, 2.683864e+01, 2.885338e+06, 6.000000e+02, 2.852239e-02, 1.018964e-21, 2.831569e-22, 2.263540e-01, 2.032999e-23
47.695391, 1.178458e+01, 4.002716e+01, 2.811329e+06, 6.000000e+02, 2.852239e-02, 1.045683e-21, 2.905696e-22, 2.263540e-01, 2.086254e-23
47.895792, 1.139119e+01, 5.714992e+01, 2.717481e+06, 6.000000e+02, 2.852239e-02, 1.081635e-21, 3.005455e-22, 2.263540e-01, 2.157919e-23
48.096192, 1.091678e+01, 7.846683e+01, 2.604305e+06, 6.000000e+02, 2.852239e-02, 1.128407e-21, 3.135250e-22, 2.263540e-01, 2.251156e-23
48.296593, 1.036950e+01, 1.040787e+02, 2.473747e+06, 6.000000e+02, 2.852239e-02, 1.187638e-21, 3.299622e-22, 2.263540e-01, 2.369228e-23
48.496994, 9.761854e+00, 1.339687e+02, 2.328787e+06, 6.000000e+02, 2.852239e-02, 1.261129e-21, 3.503566e-22, 2.263540e-01, 2.515727e-23
48.697395, 9.108393e+00, 1.680692e+02, 2.172898e+06, 6.000000e+02, 2.852239e-02, 1.351041e-21, 3.753056e-22, 2.263540e-01, 2.694947e-23
48.897796, 8.423280e+00, 2.063514e+02, 2.009457e+06, 6.000000e+02, 2.852239e-02, 1.460215e-21, 4.055952e-22, 2.263540e-01, 2.912545e-23
49.098196, 7.717902e+00, 2.489565e+02, 1.841182e+06, 6.000000e+02, 2.852239e-02, 1.592792e-21, 4.423691e-22, 2.263540e-01, 3.176754e-23
49.298597, 6.998052e+00, 2.964392e+02, 1.669455e+06, 6.000000e+02, 2.852239e-02, 1.755572e-21, 4.875035e-22, 2.263540e-01, 3.501089e-23
49.498998, 6.258665e+00, 3.503710e+02, 1.493067e+06, 6.000000e+02, 2.852239e-02, 1.961712e-21, 5.446211e-22, 2.263540e-01, 3.911667e-23
49.699399, 5.467384e+00, 4.154266e+02, 1.304299e+06, 6.000000e+02, 2.852239e-02, 2.244140e-21, 6.227628e-22, 2.263540e-01, 4.473758e-23
49.899800, 4.476927e+00, 5.113825e+02, 1.068015e+06, 6.000000e+02, 2.852239e-02, 2.738850e-21, 7.590265e-22, 2.263540e-01, 5.455996e-23
50.100200, 2.626356e+00, 9.229064e+02, 3.039750e+03, 3.000000e+02, 2.852239e-02, 2.689874e-21, 7.454530e-22, 2.263540e-01, 5.358402e-23
50.300601, 2.660987e+00, 9.191790e+02, 3.039750e+03, 3.000000e+02, 2.852239e-02, 2.667963e-21, 7.393351e-22, 2.263540e-01, 5.314550e-23
50.501002, 2.706349e+00, 9.147640e+02, 3.039750e+03, 3.000000e+02, 2.852238e-02, 2.642261e-21, 7.321648e-22, 2.263540e-01, 5.263144e-23
50.701403, 2.769425e+00, 9.093342e+02, 3.039750e+03, 3.000000e+02, 2.852235e-02, 2.611177e-21, 7.235011e-22, 2.263540e-01, 5.201009e-23
50.901804, 2.862807e+00, 9.023032e+02, 3.039750e+03, 3.000000e+02, 2.852220e-02, 2.571909e-21, 7.125687e-22, 2.263541e-01, 5.122572e-23
51.102204, 3.005833e+00, 8.927436e+02, 3.039750e+03, 3.000000e+02, 2.852162e-02, 2.520185e-21, 6.981848e-22, 2.263542e-01, 5.019324e-23
51.302605, 3.220453e+00, 8.795453e+02, 3.039750e+03, 3.000000e+02, 2.851981e-02, 2.451217e-21, 6.790252e-22, 2.263546e-01, 4.881741e-23
51.503006, 3.517725e+00, 8.619838e+02, 3.039750e+03, 3.000000e+02, 2.851521e-02, 2.362519e-21, 6.544033e-22, 2.263557e-01, 4.704879e-23
51.703407, 3.877230e+00, 8.403807e+02, 3.039750e+03, 3.000000e+02, 2.850530e-02, 2.256786e-21, 6.250692e-22, 2.263579e-01, 4.494122e-23
51.903808, 4.232819e+00, 8.161292e+02, 3.039750e+03, 3.000000e+02, 2.848663e-02, 2.141511e-21, 5.930995e-22, 2.263622e-01, 4.264394e-23
52.104208, 4.482156e+00, 7.909677e+02, 3.039750e+03, 3.000000e+02, 2.845452e-02, 2.025261e-21, 5.608674e-22, 2.263696e-01, 4.032759e-23
52.304609, 4.523472e+00, 7.662135e+02, 3.039750e+03, 3.000000e+02, 2.840193e-02, 1.914243e-21, 5.300911e-22, 2.263817e-01, 3.811572e-23
52.505010, 4.300299e+00, 7.424584e+02, 3.039750e+03, 3.000000e+02, 2.831738e-02, 1.811288e-21, 5.015530e-22, 2.264011e-01, 3.606463e-23
52.705411, 3.826538e+00, 7.196095e+02, 3.039750e+03, 3.000000e+02, 2.818129e-02, 1.716466e-21, 4.752713e-22, 2.264324e-01, 3.417566e-23
52.905812, 3.178286e+00, 6.969799e+02, 3.039750e+03, 3.000000e+02, 2.795995e-02, 1.627936e-21, 4.507353e-22, 2.264833e-01, 3.241212e-23
53.106212, 2.461101e+00, 6.732410e+02, 3.039750e+03, 3.000000e+02, 2.759493e-02, 1.542311e-21, 4.270066e-22, 2.265672e-01, 3.070654e-23
53.306613, 1.773381e+00, 6.461310e+02, 3.039750e+03, 3.000000e+02, 2.698451e-02, 1.454277e-21, 4.026142e-22, 2.267075e-01, 2.895312e-23
53.507014, 1.182888e+00, 6.117569e+02, 3.039750e+03, 3.000000e+02, 2.594943e-02, 1.355180e-21, 3.751627e-22, 2.269453e-01, 2.697959e-23
53.707415, 7.215062e-01, 5.631324e+02, 3.039750e+03, 3.000000e+02, 2.416672e-02, 1.229803e-21, 3.404405e-22, 2.273551e-01, 2.448303e-23
53.907816, 3.930861e-01, 4.873105e+02, 3.039750e+03, 3.000000e+02, 2.103950e-02, 1.049750e-21, 2.905883e-22, 2.280738e-01, 2.089820e-23
54.108216, 1.834419e-01, 3.689681e+02, 3.039750e+03, 3.000000e+02, 1.549578e-02, 7.629322e-22, 2.111878e-22, 2.293479e-01, 1.518812e-23
54.308617, 7.650267e-02, 2.000777e+02, 3.039750e+03, 3.000000e+02, 6.858426e-03, 3.350844e-22, 9.275379e-23, 2.313330e-01, 6.670673e-24
54.509018, 4.148966e-02, 4.773943e+01, 3.039750e+03, 3.000000e+02, 6.994215e-04, 3.404200e-23, 9.423011e-24, 2.327485e-01, 6.776869e-25
54.709419, 3.571112e-02, 4.725403e+00, 3.039750e+03, 3.000000e+02, 5.438598e-06, 2.641953e-25, 7.313045e-26, 2.329080e-01, 5.259426e-27
54.909820, 3.520065e-02, 3.647654e-01, 3.039750e+03, 3.000000e+02, 2.544711e-09, 1.234753e-28, 3.417846e-29, 2.329092e-01, 2.458063e-30
55.110220, 3.516223e-02, 2.744375e-02, 3.039750e+03, 3.000000e+02, 7.675302e-14, 3.721440e-33, 1.030108e-33, 2.329092e-01, 7.408385e-35
55.310621, 3.515934e-02, 2.059168e-03, 3.039750e+03, 3.000000e+02, 1.566381e-19, 7.590771e-39, 2.101151e-39, 2.329092e-01, 1.511118e-40
55.511022, 3.515913e-02, 1.543525e-04, 3.039750e+03, 3.000000e+02, 2.227625e-26, 1.079112e-45, 2.987017e-46, 2.329092e-01, 2.148220e-47
55.711423, 3.515911e-02, 1.155963e-05, 3.039750e+03, 3.000000e+02, 2.250194e-34, 1.089742e-53, 3.016440e-54, 2.329092e-01, 2.169381e-55
55.911824, 3.515911e-02, 8.648802e-07, 3.039750e+03, 3.000000e+02, 1.635402e-43, 7.918403e-63, 2.191837e-63, 2.329092e-01, 1.576339e-64
56.112224, 3.515911e-02, 6.464130e-08, 3.039750e+03, 3.000000e+02, 8.627975e-54, 4.176894e-73, 1.156176e-73, 2.329092e-01, 8.315061e-75
56.312625, 3.515911e-02, 4.825692e-09, 3.039750e+03, 3.000000e+02, 3.324608e-65, 1.609283e-84, 4.454545e-85, 2.329092e-01, 3.203645e-86
56.513026, 3.515911e-02, 3.597921e-10, 3.039750e+03, 3.000000e+02, 9.395759e-78, 4.547692e-97, 1.258801e-97, 2.329092e-01, 9.052972e-99
56.713427, 3.515911e-02, 2.679068e-11, 3.039750e+03, 3.000000e+02, 1.952799e-91, 9.448971e-111, 2.616348e-111, 2.329092e-01, 1.881049e-112
56.913828, 3.515911e-02, 1.992792e-12, 3.039750e+03, 3.000000e+02, 2.994165e-106, 1.442146e-125, 4.007298e-126, 2.329092e-01, 2.869690e-127
57.114228, 3.515911e-02, 1.497179e-13, 3.039750e+03, 3.000000e+02, 3.508073e-122, 1.689840e-141, 4.857287e-142, 2.329092e-01, 3.279869e-143
57.314629, 3.515911e-02, 1.072442e-14, 3.039750e+03, 3.000000e+02, 2.933624e-140, -1.486039e-159, 6.270494e-160, 2.329092e-01, 7.431872e-161
57.515030, 3.515911e-02, 0.000000e+00, 3.039750e+03, 3.000000e+02, 3.400085e-158, -1.403588e-177, 7.745313e-178, 2.329092e-01, 8.514268e-179
57.715431, 3.515911e-02, 0.000000e+00, 3.039750e+03, 3.000000e+02, 0.000000e+00, 0.000000e+00, 0.000000e+00, 2.329092e-01, 0.000000e+00
57.915832, 3.515911e-02, 0.000000e+00, 3.039750e+03, 3.000000e+02, 0.000000e+00, 0.000000e+00, 0.000000e+00, 2.329092e-01, 0.000000e+00
58.116232, 3.515911e-02, 0.000000e+00, 3.039750e+03, 3.000000e+02, 0.000000e+00, 0.000000e+00, 0.000000e+00, 2.329092e-01, 0.000000e+00
58.316633, 3.515911e-02, 0.000000e+00, 3.039750e+03, 3.000000e+02, 0.000000e+00, 0.000000e+00, 0.000000e+00, 2.329092e-01, 0.000000e+00
58.517034, 3.515911e-02, 0.000000e+00, 3.039750e+03, 3.000000e+02, 0.000000e+00, 0.000000e+00, 0.000000e+00, 2.329092e-01, 0.000000e+00
58.717435, 3.515911e-02, 0.000000e+00, 3.039750e+03, 3.000000e+02, 0.000000e+00, 0.000000e+00, 0.000000e+00, 2.329092e-01, 0.000000e+00
58.917836, 3.515911e-02, 0.000000e+00, 3.039750e+03, 3.000000e+02, 0.000000e+00, 0.000000e+00, 0.000000e+00, 2.329092e-01, 0.000000e+00
59.118236, 3.515911e-02, 0.000000e+00, 3.039750e+03, 3.000000e+02, 0.000000e+00, 0.000000e+00, 0.000000e+00, 2.329092e-01, 0.000000e+00
59.318637, 3.515911e-02, 0.000000e+00, 3.039750e+03, 3.000000e+02, 0.000000e+00, 0.000000e+00, 0.000000e+00, 2.329092e-01, 0.000000e+00
59.519038, 3.515911e-02, 0.000000e+00, 3.039750e+03, 3.000000e+02, 0.000000e+00, 0.000000e+00, 0.000000e+00, 2.329092e-01, 0.000000e+00
59.719439, 3.515911e-02, 0.000000e+00, 3.039750e+03, 3.000000e+02, 0.000000e+00, 0.000000e+00, 0.000000e+00, 2.329092e-01, 0.000000e+00
59.919840, 3.515911e-02, 0.000000e+00, 3.039750e+03, 3.000000e+02, 0.000000e+00, 0.000000e+00, 0.000000e+00, 2.329092e-01, 0.000000e+00
60.120240, 3.515911e-02, 0.000000e+00, 3.039750e+03, 3.000000e+02, 0.000000e+00, 0.000000e+00, 0.000000e+00, 2.329092e-01, 0.000000e+00
60.320641, 3.515911e-02, 0.000000e+00, 3.039750e+03, 3.000000e+02, 0.000000e+00, 0.000000e+00, 0.000000e+00, 2.329092e-01, 0.000000e+00
60.521042, 3.515911e-02, 0.000000e+00, 3.039750e+03, 3.000000e+02, 0.000000e+00, 0.000000e+00, 0.000000e+00, 2.329092e-01, 0.000000e+00
60.721443, 3.515911e-02, 0.000000e+00, 3.039750e+03, 3.000000e+02, 0.000000e+00, 0.000000e+00, 0.000000e+00, 2.329092e-01, 0.000000e+00
60.921844, 3.515911e-02, 0.000000e+00, 3.039750e+03, 3.000000e+02, 0.000000e+00, 0.000000e+00, 0.000000e+00, 2.329092e-01, 0.000000e+00
61.122244, 3.515911e-02, 0.000000e+00, 3.039750e+03, 3.000000e+02, 0.000000e+00, 0.000000e+00, 0.000000e+00, 2.329092e-01, 0.000000e+00
61.322645, 3.515911e-02, 0.000000e+00, 3.039750e+03, 3.000000e+02, 0.000000e+00, 0.000000e+00, 0.000000e+00, 2.329092e-01, 0.000000e+00
61.523046, 3.515911e-02, 0.000000e+00, 3.039750e+03, 3.000000e+02, 0.000000e+00, 0.000000e+00, 0.000000e+00, 2.329092e-01, 0.000000e+00
61.723447, 3.515911e-02, 0.000000e+00, 3.039750e+03, 3.000000e+02, 0.000000e+00, 0.000000e+00, 0.000000e+00, 2.329092e-01, 0.000000e+00
61.923848, 3.515911e-02, 0.000000e+00, 3.039750e+03, 3.000000e+02, 0.000000e+00, 0.000000e+00, 0.000000e+00, 2.329092e-01, 0.000000e+00
62.124248, 3.515911e-02, 0.000000e+00, 3.039750e+03, 3.000000e+02, 0.000000e+00, 0.000000e+00, 0.000000e+00, 2.329092e-01, 0.000000e+00
62.324649, 3.515911e-02, 0.000000e+00, 3.039750e+03, 3.000000e+02, 0.000000e+00, 0.000000e+00, 0.000000e+00, 2.329092e-01, 0.000000e+00
62.525050, 3.515911e-02, 0.000000e+00, 3.039750e+03, 3.000000e+02, 0.000000e+00, 0.000000e+00, 0.000000e+00, 2.329092e-01, 0.000000e+00
62.725451, 3.515911e-02, 0.000000e+00, 3.039750e+03, 3.000000e+02, 0.000000e+00, 0.000000e+00, 0.000000e+00, 2.329092e-01, 0.000000e+00
62.925852, 3.515911e-02, 0.000000e+00, 3.039750e+03, 3.000000e+02, 0.000000e+00, 0.000000e+00, 0.000000e+00, 2.329092e-01, 0.000000e+00
63.126253, 3.515911e-02, 0.000000e+00, 3.039750e+03, 3.000000e+02, 0.000000e+00, 0.000000e+00, 0.000000e+00, 2.329092e-01, 0.000000e+00
63.326653, 3.515911e-02, 0.000000e+00, 3.039750e+03, 3.000000e+02, 0.000000e+00, 0.000000e+00, 0.000000e+00, 2.329092e-01, 0.000000e+00
63.527054, 3.515911e-02, 0.000000e+00, 3.039750e+03, 3.000000e+02, 0.000000e+00, 0.000000e+00, 0.000000e+00, 2.329092e-01, 0.000000e+00
63.727455, 3.515911e-02, 0.000000e+00, 3.039750e+03, 3.000000e+02, 0.000000e+00, 0.000000e+00, 0.000000e+00, 2.329092e-01, 0.000000e+00
63.927856, 3.515911e-02, 0.000000e+00, 3.039750e+03, 3.000000e+02, 0.000000e+00, 0.000000e+00, 0.000000e+00, 2.329092e-01, 0.000000e+00
64.128257, 3.515911e-02, 0.000000e+00, 3.039750e+03, 3.000000e+02, 0.000000e+00, 0.000000e+00, 0.000000e+00, 2.329092e-01, 0.000000e+00
64.328657, 3.515911e-02, 0.000000e+00, 3.039750e+03, 3.000000e+02, 0.000000e+00, 0.000000e+00, 0.000000e+00, 2.329092e-01, 0.000000e+00
64.529058, 3.515911e-02, 0.000000e+00, 3.039750e+03, 3.000000e+02, 0.000000e+00, 0.000000e+00, 0.000000e+00, 2.329092e-01, 0.000000e+00
64.729459, 3.515911e-02, 0.000000e+00, 3.039750e+03, 3.000000e+02, 0.000000e+00, 0.000000e+00, 0.000000e+00, 2.329092e-01, 0.000000e+00
64.929860, 3.515911e-02, 0.000000e+00, 3.039750e+03, 3.000000e+02, 0.000000e+00, 0.000000e+00, 0.000000e+00, 2.329092e-01, 0.000000e+00
65.130261, 3.515911e-02, 0.000000e+00, 3.039750e+03, 3.000000e+02, 0.000000e+00, 0.000000e+00, 0.000000e+00, 2.329092e-01, 0.000000e+00
65.330661, 3.515911e-02, 0.000000e+00, 3.039750e+03, 3.000000e+02, 0.000000e+00, 0.000000e+00, 0.000000e+00, 2.329092e-01, 0.000000e+00
65.531062, 3.515911e-02, 0.000000e+00, 3.039750e+03, 3.000000e+02, 0.000000e+00, 0.000000e+00, 0.000000e+00, 2.329092e-01, 0.000000e+00
65.731463, 3.515911e-02, 0.000000e+00, 3.039750e+03, 3.000000e+02, 0.000000e+00, 0.000000e+00, 0.000000e+00, 2.329092e-01, 0.000000e+00
65.931864, 3.515911e-02, 0.000000e+00, 3.039750e+03, 3.000000e+02, 0.000000e+00, 0.000000e+00, 0.000000e+00, 2.329092e-01, 0.000000e+00
66.132265, 3.515911e-02, 0.000000e+00, 3.039750e+03, 3.000000e+02, 0.000000e+00, 0.000000e+00, 0.000000e+00, 2.329092e-01, 0.000000e+00
66.332665, 3.515911e-02, 0.000000e+00, 3.039750e+03, 3.000000e+02, 0.000000e+00, 0.000000e+00, 0.000000e+00, 2.329092e-01, 0.000000e+00
66.533066, 3.515911e-02, 0.000000e+00, 3.039750e+03, 3.000000e+02, 0.000000e+00, 0.000000e+00, 0.000000e+00, 2.329092e-01, 0.000000e+00
66.733467, 3.515911e-02, 0.000000e+00, 3.039750e+03, 3.000000e+02, 0.000000e+00, 0.000000e+00, 0.000000e+00, 2.329092e-01, 0.000000e+00
66.933868, 3.515911e-02, 0.000000e+00, 3.039750e+03, 3.000000e+02, 0.000000e+00, 0.000000e+00, 0.000000e+00, 2.329092e-01, 0.000000e+00
67.134269, 3.515911e-02, 0.000000e+00, 3.039750e+03, 3.000000e+02, 0.000000e+00, 0.000000e+00, 0.000000e+00, 2.329092e-01, 0.000000e+00
67.334669, 3.515911e-02, 0.000000e+00, 3.039750e+03, 3.000000e+02, 0.000000e+00, 0.000000e+00, 0.000000e+00, 2.329092e-01, 0.000000e+00
67.535070, 3.515911e-02, 0.000000e+00, 3.039750e+03, 3.000000e+02, 0.000000e+00, 0.000000e+00, 0.000000e+00, 2.329092e-01, 0.000000e+00
67.735471, 3.515911e-02, 0.000000e+00, 3.039750e+03, 3.000000e+02, 0.000000e+00, 0.000000e+00, 0.000000e+00, 2.329092e-01, 0.000000e+00
67.935872, 3.515911e-02, 0.000000e+00, 3.039750e+03, 3.000000e+02, 0.000000e+00, 0.000000e+00, 0.000000e+00, 2.329092e-01, 0.000000e+00
68.136273, 3.515911e-02, 0.000000e+00, 3.039750e+03, 3.000000e+02, 0.000000e+00, 0.000000e+00, 0.000000e+00, 2.329092e-01, 0.000000e+00
68.336673, 3.515911e-02, 0.000000e+00, 3.039750e+03, 3.000000e+02, 0.000000e+00, 0.000000e+00, 0.000000e+00, 2.329092e-01, 0.000000e+00
68.537074, 3.515911e-02, 0.000000e+00, 3.039750e+03, 3.000000e+02, 0.000000e+00, 0.000000e+00, 0.000000e+00, 2.329092e-01, 0.000000e+00
68.737475, 3.515911e-02, 0.000000e+00, 3.039750e+03, 3.000000e+02, 0.000000e+00, 0.000000e+00, 0.000000e+00, 2.329092e-01, 0.000000e+00
68.937876, 3.515911e-02, 0.000000e+00, 3.039750e+03, 3.000000e+02, 0.000000e+00, 0.000000e+00, 0.000000e+00, 2.329092e-01, 0.000000e+00
69.138277, 3.515911e-02, 0.000000e+00, 3.039750e+03, 3.000000e+02, 0.000000e+00, 0.000000e+00, 0.000000e+00, 2.329092e-01, 0.000000e+00
69.338677, 3.515911e-02, 0.000000e+00, 3.039750e+03, 3.000000e+02, 0.000000e+00, 0.000000e+00, 0.000000e+00, 2.329092e-01, 0.000000e+00
69.539078, 3.515911e-02, 0.000000e+00, 3.039750e+03, 3.000000e+02, 0.000000e+00, 0.000000e+00, 0.000000e+00, 2.329092e-01, 0.000000e+00
69.739479, 3.515911e-02, 0.000000e+00, 3.039750e+03, 3.000000e+02, 0.000000e+00, 0.000000e+00, 0.000000e+00, 2.329092e-01, 0.000000e+00
69.939880, 3.515911e-02, 0.000000e+00, 3.039750e+03, 3.000000e+02, 0.000000e+00, 0.000000e+00, 0.000000e+00, 2.329092e-01, 0.000000e+00
70.140281, 3.515911e-02, 0.000000e+00, 3.039750e+03, 3.000000e+02, 0.000000e+00, 0.000000e+00, 0.000000e+00, 2.329092e-01, 0.000000e+00
70.340681, 3.515911e-02, 0.000000e+00, 3.039750e+03, 3.000000e+02, 0.000000e+00, 0.000000e+00, 0.000000e+00, 2.329092e-01, 0.000000e+00
70.541082, 3.515911e-02, 0.000000e+00, 3.039750e+03, 3.000000e+02, 0.000000e+00, 0.000000e+00, 0.000000e+00, 2.329092e-01, 0.000000e+00
70.741483, 3.515911e-02, 0.000000e+00, 3.039750e+03, 3.000000e+02, 0.000000e+00, 0.000000e+00, 0.000000e+00, 2.329092e-01, 0.000000e+00
70.941884, 3.515911e-02, 0.000000e+00, 3.039750e+03, 3.000000e+02, 0.000000e+00, 0.000000e+00, 0.000000e+00, 2.329092e-01, 0.000000e+00
71.142285, 3.515911e-02, 0.000000e+00, 3.039750e+03, 3.000000e+02, 0.000000e+00, 0.000000e+00, 0.000000e+00, 2.329092e-01, 0.000000e+00
71.342685, 3.515911e-02, 0.000000e+00, 3.039750e+03, 3.000000e+02, 0.000000e+00, 0.000000e+00, 0.000000e+00, 2.329092e-01, 0.000000e+00
71.543086, 3.515911e-02, 0.000000e+00, 3.039750e+03, 3.000000e+02, 0.000000e+00, 0.000000e+00, 0.000000e+00, 2.329092e-01, 0.000000e+00
71.743487, 3.515911e-02, 0.000000e+00, 3.039750e+03, 3.000000e+02, 0.000000e+00, 0.000000e+00, 0.000000e+00, 2.329092e-01, 0.000000e+00
71.943888, 3.515911e-02, 0.000000e+00, 3.039750e+03, 3.000000e+02, 0.000000e+00, 0.000000e+00, 0.000000e+00, 2.329092e-01, 0.000000e+00
72.144289, 3.515911e-02, 0.000000e+00, 3.039750e+03, 3.000000e+02, 0.000000e+00, 0.000000e+00, 0.000000e+00, 2.329092e-01, 0.000000e+00
72.344689, 3.515911e-02, 0.000000e+00, 3.039750e+03, 3.000000e+02, 0.000000e+00, 0.000000e+00, 0.000000e+00, 2.329092e-01, 0.000000e+00
72.545090, 3.515911e-02, 0.000000e+00, 3.039750e+03, 3.000000e+02, 0.000000e+00, 0.000000e+00, 0.000000e+00, 2.329092e-01, 0.000000e+00
72.745491, 3.515911e-02, 0.000000e+00, 3.039750e+03, 3.000000e+02, 0.000000e+00, 0.000000e+00, 0.000000e+00, 2.329092e-01, 0.000000e+00
72.945892, 3.515911e-02, 0.000000e+00, 3.039750e+03, 3.000000e+02, 0.000000e+00, 0.000000e+00, 0.000000e+00, 2.329092e-01, 0.000000e+00
73.146293, 3.515911e-02, 0.000000e+00, 3.039750e+03, 3.000000e+02, 0.000000e+00, 0.000000e+00, 0.000000e+00, 2.329092e-01, 0.000000e+00
73.346693, 3.515911e-02, 0.000000e+00, 3.039750e+03, 3.000000e+02, 0.000000e+00, 0.000000e+00, 0.000000e+00, 2.329092e-01, 0.000000e+00
73.547094, 3.515911e-02, 0.000000e+00, 3.039750e+03, 3.000000e+02, 0.000000e+00, 0.000000e+00, 0.000000e+00, 2.329092e-01, 0.000000e+00
73.747495, 3.515911e-02, 0.000000e+00, 3.039750e+03, 3.000000e+02, 0.000000e+00, 0.000000e+00, 0.000000e+00, 2.329092e-01, 0.000000e+00
73.947896, 3.515911e-02, 0.000000e+00, 3.039750e+03, 3.000000e+02, 0.000000e+00, 0.000000e+00, 0.000000e+00, 2.329092e-01, 0.000000e+00
74.148297, 3.515911e-02, 0.000000e+00, 3.039750e+03, 3.000000e+02, 0.000000e+00, 0.000000e+00, 0.000000e+00, 2.329092e-01, 0.000000e+00
74.348697, 3.515911e-02, 0.000000e+00, 3.039750e+03, 3.000000e+02, 0.000000e+00, 0.000000e+00, 0.000000e+00, 2.329092e-01, 0.000000e+00
74.549098, 3.515911e-02, 0.000000e+00, 3.039750e+03, 3.000000e+02, 0.000000e+00, 0.000000e+00, 0.000000e+00, 2.329092e-01, 0.000000e+00
74.749499, 3.515911e-02, 0.000000e+00, 3.039750e+03, 3.000000e+02, 0.000000e+00, 0.000000e+00, 0.000000e+00, 2.329092e-01, 0.000000e+00
74.949900, 3.515911e-02, 0.000000e+00, 3.039750e+03, 3.000000e+02, 0.000000e+00, 0.000000e+00, 0.000000e+00, 2.329092e-01, 0.000000e+00
75.150301, 3.515911e-02, 0.000000e+00, 3.039750e+03, 3.000000e+02, 0.000000e+00, 0.000000e+00, 0.000000e+00, 2.329092e-01, 0.000000e+00
75.350701, 3.515911e-02, 0.000000e+00, 3.039750e+03, 3.000000e+02, 0.000000e+00, 0.000000e+00, 0.000000e+00, 2.329092e-01, 0.000000e+00
75.551102, 3.515911e-02, 0.000000e+00, 3.039750e+03, 3.000000e+02, 0.000000e+00, 0.000000e+00, 0.000000e+00, 2.329092e-01, 0.000000e+00
75.751503, 3.515911e-02, 0.000000e+00, 3.039750e+03, 3.000000e+02, 0.000000e+00, 0.000000e+00, 0.000000e+00, 2.329092e-01, 0.000000e+00
75.951904, 3.515911e-02, 0.000000e+00, 3.039750e+03, 3.000000e+02, 0.000000e+00, 0.000000e+00, 0.000000e+00, 2.329092e-01, 0.000000e+00
76.152305, 3.515911e-02, 0.000000e+00, 3.039750e+03, 3.000000e+02, 0.000000e+00, 0.000000e+00, 0.000000e+00, 2.329092e-01, 0.000000e+00
76.352705, 3.515911e-02, 0.000000e+00, 3.039750e+03, 3.000000e+02, 0.000000e+00, 0.000000e+00, 0.000000e+00, 2.329092e-01, 0.000000e+00
76.553106, 3.515911e-02, 0.000000e+00, 3.039750e+03, 3.000000e+02, 0.000000e+00, 0.000000e+00, 0.000000e+00, 2.329092e-01, 0.000000e+00
76.753507, 3.515911e-02, 0.000000e+00, 3.039750e+03, 3.000000e+02, 0.000000e+00, 0.000000e+00, 0.000000e+00, 2.329092e-01, 0.000000e+00
76.953908, 3.515911e-02, 0.000000e+00, 3.039750e+03, 3.000000e+02, 0.000000e+00, 0.000000e+00, 0.000000e+00, 2.329092e-01, 0.000000e+00
77.154309, 3.515911e-02, 0.000000e+00, 3.039750e+03, 3.000000e+02, 0.000000e+00, 0.000000e+00, 0.000000e+00, 2.329092e-01, 0.000000e+00
77.354709, 3.515911e-02, 0.000000e+00, 3.039750e+03, 3.000000e+02, 0.000000e+00, 0.000000e+00, 0.000000e+00, 2.329092e-01, 0.000000e+00
77.555110, 3.515911e-02, 0.000000e+00, 3.039750e+03, 3.000000e+02, 0.000000e+00, 0.000000e+00, 0.000000e+00, 2.329092e-01, 0.000000e+00
77.755511, 3.515911e-02, 0.000000e+00, 3.039750e+03, 3.000000e+02, 0.000000e+00, 0.000000e+00, 0.000000e+00, 2.329092e-01, 0.000000e+00
77.955912, 3.515911e-02, 0.000000e+00, 3.039750e+03, 3.000000e+02, 0.000000e+00, 0.000000e+00, 0.000000e+00, 2.329092e-01, 0.000000e+00
78.156313, 3.515911e-02, 0.000000e+00, 3.039750e+03, 3.000000e+02, 0.000000e+00, 0.000000e+00, 0.000000e+00, 2.329092e-01, 0.000000e+00
78.356713, 3.515911e-02, 0.000000e+00, 3.039750e+03, 3.000000e+02, 0.000000e+00, 0.000000e+00, 0.000000e+00, 2.329092e-01, 0.000000e+00
78.557114, 3.515911e-02, 0.000000e+00, 3.039750e+03, 3.000000e+02, 0.000000e+00, 0.000000e+00, 0.000000e+00, 2.329092e-01, 0.000000e+00
78.757515, 3.515911e-02, 0.000000e+00, 3.039750e+03, 3.000000e+02, 0.000000e+00, 0.000000e+00, 0.000000e+00, 2.329092e-01, 0.000000e+00
78.957916, 3.515911e-02, 0.000000e+00, 3.039750e+03, 3.000000e+02, 0.000000e+00, 0.000000e+00, 0.000000e+00, 2.329092e-01, 0.000000e+00
79.158317, 3.515911e-02, 0.000000e+00, 3.039750e+03, 3.000000e+02, 0.000000e+00, 0.000000e+00, 0.000000e+00, 2.329092e-01, 0.000000e+00
79.358717, 3.515911e-02, 0.000000e+00, 3.039750e+03, 3.000000e+02, 0.000000e+00, 0.000000e+00, 0.000000e+00, 2.329092e-01, 0.000000e+00
79.559118, 3.515911e-02, 0.000000e+00, 3.039750e+03, 3.000000e+02, 0.000000e+00, 0.000000e+00, 0.000000e+00, 2.329092e-01, 0.000000e+00
79.759519, 3.515911e-02, 0.000000e+00, 3.039750e+03, 3.000000e+02, 0.000000e+00, 0.000000e+00, 0.000000e+00, 2.329092e-01, 0.000000e+00
79.959920, 3.515911e-02, 0.000000e+00, 3.039750e+03, 3.000000e+02, 0.000000e+00, 0.000000e+00, 0.000000e+00, 2.329092e-01, 0.000000e+00
80.160321, 3.515911e-02, 0.000000e+00, 3.039750e+03, 3.000000e+02, 0.000000e+00, 0.000000e+00, 0.000000e+00, 2.329092e-01, 0.000000e+00
80.360721, 3.515911e-02, 0.000000e+00, 3.039750e+03, 3.000000e+02, 0.000000e+00, 0.000000e+00, 0.000000e+00, 2.329092e-01, 0.000000e+00
80.561122, 3.515911e-02, 0.000000e+00, 3.039750e+03, 3.000000e+02, 0.000000e+00, 0.000000e+00, 0.000000e+00, 2.329092e-01, 0.000000e+00
80.761523, 3.515911e-02, 0.000000e+00, 3.039750e+03, 3.000000e+02, 0.000000e+00, 0.000000e+00, 0.000000e+00, 2.329092e-01, 0.000000e+00
80.961924, 3.515911e-02, 0.000000e+00, 3.039750e+03, 3.000000e+02, 0.000000e+00, 0.000000e+00, 0.000000e+00, 2.329092e-01, 0.000000e+00
81.162325, 3.515911e-02, 0.000000e+00, 3.039750e+03, 3.000000e+02, 0.000000e+00, 0.000000e+00, 0.000000e+00, 2.329092e-01, 0.000000e+00
81.362725, 3.515911e-02, 0.000000e+00, 3.039750e+03, 3.000000e+02, 0.000000e+00, 0.000000e+00, 0.000000e+00, 2.329092e-01, 0.000000e+00
81.563126, 3.515911e-02, 0.000000e+00, 3.039750e+03, 3.000000e+02, 0.000000e+00, 0.000000e+00, 0.000000e+00, 2.329092e-01, 0.000000e+00
81.763527, 3.515911e-02, 0.000000e+00, 3.039750e+03, 3.000000e+02, 0.000000e+00, 0.000000e+00, 0.000000e+00, 2.329092e-01, 0.000000e+00
81.963928, 3.515911e-02, 0.000000e+00, 3.039750e+03, 3.000000e+02, 0.000000e+00, 0.000000e+00, 0.000000e+00, 2.329092e-01, 0.000000e+00
82.164329, 3.515911e-02, 0.000000e+00, 3.039750e+03, 3.000000e+02, 0.000000e+00, 0.000000e+00, 0.000000e+00, 2.329092e-01, 0.000000e+00
82.364729, 3.515911e-02, 0.000000e+00, 3.039750e+03, 3.000000e+02, 0.000000e+00, 0.000000e+00, 0.000000e+00, 2.329092e-01, 0.000000e+00
82.565130, 3.515911e-02, 0.000000e+00, 3.039750e+03, 3.000000e+02, 0.000000e+00, 0.000000e+00, 0.000000e+00, 2.329092e-01, 0.000000e+00
82.765531, 3.515911e-02, 0.000000e+00, 3.039750e+03, 3.000000e+02, 0.000000e+00, 0.000000e+00, 0.000000e+00, 2.329092e-01, 0.000000e+00
82.965932, 3.515911e-02, 0.000000e+00, 3.039750e+03, 3.000000e+02, 0.000000e+00, 0.000000e+00, 0.000000e+00, 2.329092e-01, 0.000000e+00
83.166333, 3.515911e-02, 0.000000e+00, 3.039750e+03, 3.000000e+02, 0.000000e+00, 0.000000e+00, 0.000000e+00, 2.329092e-01, 0.000000e+00
83.366733, 3.515911e-02, 0.000000e+00, 3.039750e+03, 3.000000e+02, 0.000000e+00, 0.000000e+00, 0.000000e+00, 2.329092e-01, 0.000000e+00
83.567134, 3.515911e-02, 0.000000e+00, 3.039750e+03, 3.000000e+02, 0.000000e+00, 0.000000e+00, 0.000000e+00, 2.329092e-01, 0.000000e+00
83.767535, 3.515911e-02, 0.000000e+00, 3.039750e+03, 3.000000e+02, 0.000000e+00, 0.000000e+00, 0.000000e+00, 2.329092e-01, 0.000000e+00
83.967936, 3.515911e-02, 0.000000e+00, 3.039750e+03, 3.000000e+02, 0.000000e+00, 0.000000e+00, 0.000000e+00, 2.329092e-01, 0.000000e+00
84.168337, 3.515911e-02, 0.000000e+00, 3.039750e+03, 3.000000e+02, 0.000000e+00, 0.000000e+00, 0.000000e+00, 2.329092e-01, 0.000000e+00
84.368737, 3.515911e-02, 0.000000e+00, 3.039750e+03, 3.000000e+02, 0.000000e+00, 0.000000e+00, 0.000000e+00, 2.329092e-01, 0.000000e+00
84.569138, 3.515911e-02, 0.000000e+00, 3.039750e+03, 3.000000e+02, 0.000000e+00, 0.000000e+00, 0.000000e+00, 2.329092e-01, 0.000000e+00
84.769539, 3.515911e-02, 0.000000e+00, 3.039750e+03, 3.000000e+02, 0.000000e+00, 0.000000e+00, 0.000000e+00, 2.329092e-01, 0.000000e+00
84.969940, 3.515911e-02, 0.000000e+00, 3.039750e+03, 3.000000e+02, 0.000000e+00, 0.000000e+00, 0.000000e+00, 2.329092e-01, 0.000000e+00
85.170341, 3.515911e-02, 0.000000e+00, 3.039750e+03, 3.000000e+02, 0.000000e+00, 0.000000e+00, 0.000000e+00, 2.329092e-01, 0.000000e+00
85.370741, 3.515911e-02, 0.000000e+00, 3.039750e+03, 3.000000e+02, 0.000000e+00, 0.000000e+00, 0.000000e+00, 2.329092e-01, 0.000000e+00
85.571142, 3.515911e-02, 0.000000e+00, 3.039750e+03, 3.000000e+02, 0.000000e+00, 0.000000e+00, 0.000000e+00, 2.329092e-01, 0.000000e+00
85.771543, 3.515911e-02, 0.000000e+00, 3.039750e+03, 3.000000e+02, 0.000000e+00, 0.000000e+00, 0.000000e+00, 2.329092e-01, 0.000000e+00
85.971944, 3.515911e-02, 0.000000e+00, 3.039750e+03, 3.000000e+02, 0.000000e+00, 0.000000e+00, 0.000000e+00, 2.329092e-01, 0.000000e+00
86.172345, 3.515911e-02, 0.000000e+00, 3.039750e+03, 3.000000e+02, 0.000000e+00, 0.000000e+00, 0.000000e+00, 2.329092e-01, 0.000000e+00
86.372745, 3.515911e-02, 0.000000e+00, 3.039750e+03, 3.000000e+02, 0.000000e+00, 0.000000e+00, 0.000000e+00, 2.329092e-01, 0.000000e+00
86.573146, 3.515911e-02, 0.000000e+00, 3.039750e+03, 3.000000e+02, 0.000000e+00, 0.000000e+00, 0.000000e+00, 2.329092e-01, 0.000000e+00
86.773547, 3.515911e-02, 0.000000e+00, 3.039750e+03, 3.000000e+02, 0.000000e+00, 0.000000e+00, 0.000000e+00, 2.329092e-01, 0.000000e+00
86.973948, 3.515911e-02, 0.000000e+00, 3.039750e+03, 3.000000e+02, 0.000000e+00, 0.000000e+00, 0.000000e+00, 2.329092e-01, 0.000000e+00
87.174349, 3.515911e-02, 0.000000e+00, 3.039750e+03, 3.000000e+02, 0.000000e+00, 0.000000e+00, 0.000000e+00, 2.329092e-01, 0.000000e+00
87.374749, 3.515911e-02, 0.000000e+00, 3.039750e+03, 3.000000e+02, 0.000000e+00, 0.000000e+00, 0.000000e+00, 2.329092e-01, 0.000000e+00
87.575150, 3.515911e-02, 0.000000e+00, 3.039750e+03, 3.000000e+02, 0.000000e+00, 0.000000e+00, 0.000000e+00, 2.329092e-01, 0.000000e+00
87.775551, 3.515911e-02, 0.000000e+00, 3.039750e+03, 3.000000e+02, 0.000000e+00, 0.000000e+00, 0.000000e+00, 2.329092e-01, 0.000000e+00
87.975952, 3.515911e-02, 0.000000e+00, 3.039750e+03, 3.000000e+02, 0.000000e+00, 0.000000e+00, 0.000000e+00, 2.329092e-01, 0.000000e+00
88.176353, 3.515911e-02, 0.000000e+00, 3.039750e+03, 3.000000e+02, 0.000000e+00, 0.000000e+00, 0.000000e+00, 2.329092e-01, 0.000000e+00
88.376754, 3.515911e-02, 0.000000e+00, 3.039750e+03, 3.000000e+02, 0.000000e+00, 0.000000e+00, 0.000000e+00, 2.329092e-01, 0.000000e+00
88.577154, 3.515911e-02, 0.000000e+00, 3.039750e+03, 3.000000e+02, 0.000000e+00, 0.000000e+00, 0.000000e+00, 2.329092e-01, 0.000000e+00
88.777555, 3.515911e-02, 0.000000e+00, 3.039750e+03, 3.000000e+02, 0.000000e+00, 0.000000e+00, 0.000000e+00, 2.329092e-01, 0.000000e+00
88.977956, 3.515911e-02, 0.000000e+00, 3.039750e+03, 3.000000e+02, 0.000000e+00, 0.000000e+00, 0.000000e+00, 2.329092e-01, 0.000000e+00
89.178357, 3.515911e-02, 0.000000e+00, 3.039750e+03, 3.000000e+02, 0.000000e+00, 0.000000e+00, 0.000000e+00, 2.329092e-01, 0.000000e+00
89.378758, 3.515911e-02, 0.000000e+00, 3.039750e+03, 3.000000e+02, 0.000000e+00, 0.000000e+00, 0.000000e+00, 2.329092e-01, 0.000000e+00
89.579158, 3.515911e-02, 0.000000e+00, 3.039750e+03, 3.000000e+02, 0.000000e+00, 0.000000e+00, 0.000000e+00, 2.329092e-01, 0.000000e+00
89.779559, 3.515911e-02, 0.000000e+00, 3.039750e+03, 3.000000e+02, 0.000000e+00, 0.000000e+00, 0.000000e+00, 2.329092e-01, 0.000000e+00
89.979960, 3.515911e-02, 0.000000e+00, 3.039750e+03, 3.000000e+02, 0.000000e+00, 0.000000e+00, 0.000000e+00, 2.329092e-01, 0.000000e+00
90.180361, 3.515911e-02, 0.000000e+00, 3.039750e+03, 3.000000e+02, 0.000000e+00, 0.000000e+00, 0.000000e+00, 2.329092e-01, 0.000000e+00
90.380762, 3.515911e-02, 0.000000e+00, 3.039750e+03, 3.000000e+02, 0.000000e+00, 0.000000e+00, 0.000000e+00, 2.329092e-01, 0.000000e+00
90.581162, 3.515911e-02, 0.000000e+00, 3.039750e+03, 3.000000e+02, 0.000000e+00, 0.000000e+00, 0.000000e+00, 2.329092e-01, 0.000000e+00
90.781563, 3.515911e-02, 0.000000e+00, 3.039750e+03, 3.000000e+02, 0.000000e+00, 0.000000e+00, 0.000000e+00, 2.329092e-01, 0.000000e+00
90.981964, 3.515911e-02, 0.000000e+00, 3.039750e+03, 3.000000e+02, 0.000000e+00, 0.000000e+00, 0.000000e+00, 2.329092e-01, 0.000000e+00
91.182365, 3.515911e-02, 0.000000e+00, 3.039750e+03, 3.000000e+02, 0.000000e+00, 0.000000e+00, 0.000000e+00, 2.329092e-01, 0.000000e+00
91.382766, 3.515911e-02, 0.000000e+00, 3.039750e+03, 3.000000e+02, 0.000000e+00, 0.000000e+00, 0.000000e+00, 2.329092e-01, 0.000000e+00
91.583166, 3.515911e-02, 0.000000e+00, 3.039750e+03, 3.000000e+02, 0.000000e+00, 0.000000e+00, 0.000000e+00, 2.329092e-01, 0.000000e+00
91.783567, 3.515911e-02, 0.000000e+00, 3.039750e+03, 3.000000e+02, 0.000000e+00, 0.000000e+00, 0.000000e+00, 2.329092e-01, 0.000000e+00
91.983968, 3.515911e-02, 0.000000e+00, 3.039750e+03, 3.000000e+02, 0.000000e+00, 0.000000e+00, 0.000000e+00, 2.329092e-01, 0.000000e+00
92.184369, 3.515911e-02, 0.000000e+00, 3.039750e+03, 3.000000e+02, 0.000000e+00, 0.000000e+00, 0.000000e+00, 2.329092e-01, 0.000000e+00
92.384770, 3.515911e-02, 0.000000e+00, 3.039750e+03, 3.000000e+02, 0.000000e+00, 0.000000e+00, 0.000000e+00, 2.329092e-01, 0.000000e+00
92.585170, 3.515911e-02, 0.000000e+00, 3.039750e+03, 3.000000e+02, 0.000000e+00, 0.000000e+00, 0.000000e+00, 2.329092e-01, 0.000000e+00
92.785571, 3.515911e-02, 0.000000e+00, 3.039750e+03, 3.000000e+02, 0.000000e+00, 0.000000e+00, 0.000000e+00, 2.329092e-01, 0.000000e+00
92.985972, 3.515911e-02, 0.000000e+00, 3.039750e+03, 3.000000e+02, 0.000000e+00, 0.000000e+00, 0.000000e+00, 2.329092e-01, 0.000000e+00
93.186373, 3.515911e-02, 0.000000e+00, 3.039750e+03, 3.000000e+02, 0.000000e+00, 0.000000e+00, 0.000000e+00, 2.329092e-01, 0.000000e+00
93.386774, 3.515911e-02, 0.000000e+00, 3.039750e+03, 3.000000e+02, 0.000000e+00, 0.000000e+00, 0.000000e+00, 2.329092e-01, 0.000000e+00
93.587174, 3.515911e-02, 0.000000e+00, 3.039750e+03, 3.000000e+02, 0.000000e+00, 0.000000e+00, 0.000000e+00, 2.329092e-01, 0.000000e+00
93.787575, 3.515911e-02, 0.000000e+00, 3.039750e+03, 3.000000e+02, 0.000000e+00, 0.000000e+00, 0.000000e+00, 2.329092e-01, 0.000000e+00
93.987976, 3.515911e-02, 0.000000e+00, 3.039750e+03, 3.000000e+02, 0.000000e+00, 0.000000e+00, 0.000000e+00, 2.329092e-01, 0.000000e+00
94.188377, 3.515911e-02, 0.000000e+00, 3.039750e+03, 3.000000e+02, 0.000000e+00, 0.000000e+00, 0.000000e+00, 2.329092e-01, 0.000000e+00
94.388778, 3.515911e-02, 0.000000e+00, 3.039750e+03, 3.000000e+02, 0.000000e+00, 0.000000e+00, 0.000000e+00, 2.329092e-01, 0.000000e+00
94.589178, 3.515911e-02, 0.000000e+00, 3.039750e+03, 3.000000e+02, 0.000000e+00, 0.000000e+00, 0.000000e+00, 2.329092e-01, 0.000000e+00
94.789579, 3.515911e-02, 0.000000e+00, 3.039750e+03, 3.000000e+02, 0.000000e+00, 0.000000e+00, 0.000000e+00, 2.329092e-01, 0.000000e+00
94.989980, 3.515911e-02, 0.000000e+00, 3.039750e+03, 3.000000e+02, 0.000000e+00, 0.000000e+00, 0.000000e+00, 2.329092e-01, 0.000000e+00
95.190381, 3.515911e-02, 0.000000e+00, 3.039750e+03, 3.000000e+02, 0.000000e+00, 0.000000e+00, 0.000000e+00, 2.329092e-01, 0.000000e+00
95.390782, 3.515911e-02, 0.000000e+00, 3.039750e+03, 3.000000e+02, 0.000000e+00, 0.000000e+00, 0.000000e+00, 2.329092e-01, 0.000000e+00
95.591182, 3.515911e-02, 0.000000e+00, 3.039750e+03, 3.000000e+02, 0.000000e+00, 0.000000e+00, 0.000000e+00, 2.329092e-01, 0.000000e+00
95.791583, 3.515911e-02, 0.000000e+00, 3.039750e+03, 3.000000e+02, 0.000000e+00, 0.000000e+00, 0.000000e+00, 2.329092e-01, 0.000000e+00
95.991984, 3.515911e-02, 0.000000e+00, 3.039750e+03, 3.000000e+02, 0.000000e+00, 0.000000e+00, 0.000000e+00, 2.329092e-01, 0.000000e+00
96.192385, 3.515911e-02, 0.000000e+00, 3.039750e+03, 3.000000e+02, 0.000000e+00, 0.000000e+00, 0.000000e+00, 2.329092e-01, 0.000000e+00
96.392786, 3.515911e-02, 0.000000e+00, 3.039750e+03, 3.000000e+02, 0.000000e+00, 0.000000e+00, 0.000000e+00, 2.329092e-01, 0.000000e+00
96.593186, 3.515911e-02, 0.000000e+00, 3.039750e+03, 3.000000e+02, 0.000000e+00, 0.000000e+00, 0.000000e+00, 2.329092e-01, 0.000000e+00
96.793587, 3.515911e-02, 0.000000e+00, 3.039750e+03, 3.000000e+02, 0.000000e+00, 0.000000e+00, 0.000000e+00, 2.329092e-01, 0.000000e+00
96.993988, 3.515911e-02, 0.000000e+00, 3.039750e+03, 3.000000e+02, 0.000000e+00, 0.000000e+00, 0.000000e+00, 2.329092e-01, 0.000000e+00
97.194389, 3.515911e-02, 0.000000e+00, 3.039750e+03, 3.000000e+02, 0.000000e+00, 0.000000e+00, 0.000000e+00, 2.329092e-01, 0.000000e+00
97.394790, 3.515911e-02, 0.000000e+00, 3.039750e+03, 3.000000e+02, 0.000000e+00, 0.000000e+00, 0.000000e+00, 2.329092e-01, 0.000000e+00
97.595190, 3.515911e-02, 0.000000e+00, 3.039750e+03, 3.000000e+02, 0.000000e+00, 0.000000e+00, 0.000000e+00, 2.329092e-01, 0.000000e+00
97.795591, 3.515911e-02, 0.000000e+00, 3.039750e+03, 3.000000e+02, 0.000000e+00, 0.000000e+00, 0.000000e+00, 2.329092e-01, 0.000000e+00
97.995992, 3.515911e-02, 0.000000e+00, 3.039750e+03, 3.000000e+02, 0.000000e+00, 0.000000e+00, 0.000000e+00, 2.329092e-01, 0.000000e+00
98.196393, 3.515911e-02, 0.000000e+00, 3.039750e+03, 3.000000e+02, 0.000000e+00, 0.000000e+00, 0.000000e+00, 2.329092e-01, 0.000000e+00
98.396794, 3.515911e-02, 0.000000e+00, 3.039750e+03, 3.000000e+02, 0.000000e+00, 0.000000e+00, 0.000000e+00, 2.329092e-01, 0.000000e+00
98.597194, 3.515911e-02, 0.000000e+00, 3.039750e+03, 3.000000e+02, 0.000000e+00, 0.000000e+00, 0.000000e+00, 2.329092e-01, 0.000000e+00
98.797595, 3.515911e-02, 0.000000e+00, 3.039750e+03, 3.000000e+02, 0.000000e+00, 0.000000e+00, 0.000000e+00, 2.329092e-01, 0.000000e+00
98.997996, 3.515911e-02, 0.000000e+00, 3.039750e+03, 3.000000e+02, 0.000000e+00, 0.000000e+00, 0.000000e+00, 2.329092e-01, 0.000000e+00
99.198397, 3.515911e-02, 0.000000e+00, 3.039750e+03, 3.000000e+02, 0.000000e+00, 0.000000e+00, 0.000000e+00, 2.329092e-01, 0.000000e+00
99.398798, 3.515911e-02, 0.000000e+00, 3.039750e+03, 3.000000e+02, 0.000000e+00, 0.000000e+00, 0.000000e+00, 2.329092e-01, 0.000000e+00
99.599198, 3.515911e-02, 0.000000e+00, 3.039750e+03, 3.000000e+02, 0.000000e+00, 0.000000e+00, 0.000000e+00, 2.329092e-01, 0.000000e+00
99.799599, 3.515911e-02, 0.000000e+00, 3.039750e+03, 3.000000e+02, 0.000000e+00, 0.000000e+00, 0.000000e+00, 2.329092e-01, 0.000000e+00
100.000000, 3.515911e-02, 0.000000e+00, 3.039750e+03, 3.000000e+02, 0.000000e+00, 0.000000e+00, 0.000000e+00, 2.329092e-01, 0.000000e+00
