# 时间 t = 0.006014 s
# 列: x(m), rho(kg/m3), u(m/s), p(Pa), T(K), Y_H2, Y_H, Y_O, Y_O2, Y_OH
0.000000, 1.274208e+01, 0.000000e+00, 3.039750e+06, 6.000000e+02, 2.852239e-02, 9.769000e-22, 2.715022e-22, 2.263540e-01, 1.949593e-23
0.200401, 1.274208e+01, 0.000000e+00, 3.039750e+06, 6.000000e+02, 2.852239e-02, 9.769000e-22, 2.715022e-22, 2.263540e-01, 1.949593e-23
0.400802, 1.274208e+01, 0.000000e+00, 3.039750e+06, 6.000000e+02, 2.852239e-02, 9.769000e-22, 2.715022e-22, 2.263540e-01, 1.949593e-23
0.601202, 1.274208e+01, 0.000000e+00, 3.039750e+06, 6.000000e+02, 2.852239e-02, 9.769000e-22, 2.715022e-22, 2.263540e-01, 1.949593e-23
0.801603, 1.274208e+01, 0.000000e+00, 3.039750e+06, 6.000000e+02, 2.852239e-02, 9.769000e-22, 2.715022e-22, 2.263540e-01, 1.949593e-23
1.002004, 1.274208e+01, 0.000000e+00, 3.039750e+06, 6.000000e+02, 2.852239e-02, 9.769000e-22, 2.715022e-22, 2.263540e-01, 1.949593e-23
1.202405, 1.274208e+01, 0.000000e+00, 3.039750e+06, 6.000000e+02, 2.852239e-02, 9.769000e-22, 2.715022e-22, 2.263540e-01, 1.949593e-23
1.402806, 1.274208e+01, 0.000000e+00, 3.039750e+06, 6.000000e+02, 2.852239e-02, 9.769000e-22, 2.715022e-22, 2.263540e-01, 1.949593e-23
1.603206, 1.274208e+01, 0.000000e+00, 3.039750e+06, 6.000000e+02, 2.852239e-02, 9.769000e-22, 2.715022e-22, 2.263540e-01, 1.949593e-23
1.803607, 1.274208e+01, 0.000000e+00, 3.039750e+06, 6.000000e+02, 2.852239e-02, 9.769000e-22, 2.715022e-22, 2.263540e-01, 1.949593e-23
2.004008, 1.274208e+01, 0.000000e+00, 3.039750e+06, 6.000000e+02, 2.852239e-02, 9.769000e-22, 2.715022e-22, 2.263540e-01, 1.949593e-23
2.204409, 1.274208e+01, 0.000000e+00, 3.039750e+06, 6.000000e+02, 2.852239e-02, 9.769000e-22, 2.715022e-22, 2.263540e-01, 1.949593e-23
2.404810, 1.274208e+01, 0.000000e+00, 3.039750e+06, 6.000000e+02, 2.852239e-02, 9.769000e-22, 2.715022e-22, 2.263540e-01, 1.949593e-23
2.605210, 1.274208e+01, 0.000000e+00, 3.039750e+06, 6.000000e+02, 2.852239e-02, 9.769000e-22, 2.715022e-22, 2.263540e-01, 1.949593e-23
2.805611, 1.274208e+01, 0.000000e+00, 3.039750e+06, 6.000000e+02, 2.852239e-02, 9.769000e-22, 2.715022e-22, 2.263540e-01, 1.949593e-23
3.006012, 1.274208e+01, 0.000000e+00, 3.039750e+06, 6.000000e+02, 2.852239e-02, 9.769000e-22, 2.715022e-22, 2.263540e-01, 1.949593e-23
3.206413, 1.274208e+01, 0.000000e+00, 3.039750e+06, 6.000000e+02, 2.852239e-02, 9.769000e-22, 2.715022e-22, 2.263540e-01, 1.949593e-23
3.406814, 1.274208e+01, 0.000000e+00, 3.039750e+06, 6.000000e+02, 2.852239e-02, 9.769000e-22, 2.715022e-22, 2.263540e-01, 1.949593e-23
3.607214, 1.274208e+01, 0.000000e+00, 3.039750e+06, 6.000000e+02, 2.852239e-02, 9.769000e-22, 2.715022e-22, 2.263540e-01, 1.949593e-23
3.807615, 1.274208e+01, 0.000000e+00, 3.039750e+06, 6.000000e+02, 2.852239e-02, 9.769000e-22, 2.715022e-22, 2.263540e-01, 1.949593e-23
4.008016, 1.274208e+01, 0.000000e+00, 3.039750e+06, 6.000000e+02, 2.852239e-02, 9.769000e-22, 2.715022e-22, 2.263540e-01, 1.949593e-23
4.208417, 1.274208e+01, 0.000000e+00, 3.039750e+06, 6.000000e+02, 2.852239e-02, 9.769000e-22, 2.715022e-22, 2.263540e-01, 1.949593e-23
4.408818, 1.274208e+01, 0.000000e+00, 3.039750e+06, 6.000000e+02, 2.852239e-02, 9.769000e-22, 2.715022e-22, 2.263540e-01, 1.949593e-23
4.609218, 1.274208e+01, 0.000000e+00, 3.039750e+06, 6.000000e+02, 2.852239e-02, 9.769000e-22, 2.715022e-22, 2.263540e-01, 1.949593e-23
4.809619, 1.274208e+01, 0.000000e+00, 3.039750e+06, 6.000000e+02, 2.852239e-02, 9.769000e-22, 2.715022e-22, 2.263540e-01, 1.949593e-23
5.010020, 1.274208e+01, 0.000000e+00, 3.039750e+06, 6.000000e+02, 2.852239e-02, 9.769000e-22, 2.715022e-22, 2.263540e-01, 1.949593e-23
5.210421, 1.274208e+01, 0.000000e+00, 3.039750e+06, 6.000000e+02, 2.852239e-02, 9.769000e-22, 2.715022e-22, 2.263540e-01, 1.949593e-23
5.410822, 1.274208e+01, 0.000000e+00, 3.039750e+06, 6.000000e+02, 2.852239e-02, 9.769000e-22, 2.715022e-22, 2.263540e-01, 1.949593e-23
5.611222, 1.274208e+01, 0.000000e+00, 3.039750e+06, 6.000000e+02, 2.852239e-02, 9.769000e-22, 2.715022e-22, 2.263540e-01, 1.949593e-23
5.811623, 1.274208e+01, 0.000000e+00, 3.039750e+06, 6.000000e+02, 2.852239e-02, 9.769000e-22, 2.715022e-22, 2.263540e-01, 1.949593e-23
6.012024, 1.274208e+01, 0.000000e+00, 3.039750e+06, 6.000000e+02, 2.852239e-02, 9.769000e-22, 2.715022e-22, 2.263540e-01, 1.949593e-23
6.212425, 1.274208e+01, 0.000000e+00, 3.039750e+06, 6.000000e+02, 2.852239e-02, 9.769000e-22, 2.715022e-22, 2.263540e-01, 1.949593e-23
6.412826, 1.274208e+01, 0.000000e+00, 3.039750e+06, 6.000000e+02, 2.852239e-02, 9.769000e-22, 2.715022e-22, 2.263540e-01, 1.949593e-23
6.613226, 1.274208e+01, 0.000000e+00, 3.039750e+06, 6.000000e+02, 2.852239e-02, 9.769000e-22, 2.715022e-22, 2.263540e-01, 1.949593e-23
6.813627, 1.274208e+01, 0.000000e+00, 3.039750e+06, 6.000000e+02, 2.852239e-02, 9.769000e-22, 2.715022e-22, 2.263540e-01, 1.949593e-23
7.014028, 1.274208e+01, 0.000000e+00, 3.039750e+06, 6.000000e+02, 2.852239e-02, 9.769000e-22, 2.715022e-22, 2.263540e-01, 1.949593e-23
7.214429, 1.274208e+01, 0.000000e+00, 3.039750e+06, 6.000000e+02, 2.852239e-02, 9.769000e-22, 2.715022e-22, 2.263540e-01, 1.949593e-23
7.414830, 1.274208e+01, 0.000000e+00, 3.039750e+06, 6.000000e+02, 2.852239e-02, 9.769000e-22, 2.715022e-22, 2.263540e-01, 1.949593e-23
7.615230, 1.274208e+01, 0.000000e+00, 3.039750e+06, 6.000000e+02, 2.852239e-02, 9.769000e-22, 2.715022e-22, 2.263540e-01, 1.949593e-23
7.815631, 1.274208e+01, 0.000000e+00, 3.039750e+06, 6.000000e+02, 2.852239e-02, 9.769000e-22, 2.715022e-22, 2.263540e-01, 1.949593e-23
8.016032, 1.274208e+01, 0.000000e+00, 3.039750e+06, 6.000000e+02, 2.852239e-02, 9.769000e-22, 2.715022e-22, 2.263540e-01, 1.949593e-23
8.216433, 1.274208e+01, 0.000000e+00, 3.039750e+06, 6.000000e+02, 2.852239e-02, 9.769000e-22, 2.715022e-22, 2.263540e-01, 1.949593e-23
8.416834, 1.274208e+01, 0.000000e+00, 3.039750e+06, 6.000000e+02, 2.852239e-02, 9.769000e-22, 2.715022e-22, 2.263540e-01, 1.949593e-23
8.617234, 1.274208e+01, 0.000000e+00, 3.039750e+06, 6.000000e+02, 2.852239e-02, 9.769000e-22, 2.715022e-22, 2.263540e-01, 1.949593e-23
8.817635, 1.274208e+01, 0.000000e+00, 3.039750e+06, 6.000000e+02, 2.852239e-02, 9.769000e-22, 2.715022e-22, 2.263540e-01, 1.949593e-23
9.018036, 1.274208e+01, 0.000000e+00, 3.039750e+06, 6.000000e+02, 2.852239e-02, 9.769000e-22, 2.715022e-22, 2.263540e-01, 1.949593e-23
9.218437, 1.274208e+01, 0.000000e+00, 3.039750e+06, 6.000000e+02, 2.852239e-02, 9.769000e-22, 2.715022e-22, 2.263540e-01, 1.949593e-23
9.418838, 1.274208e+01, 0.000000e+00, 3.039750e+06, 6.000000e+02, 2.852239e-02, 9.769000e-22, 2.715022e-22, 2.263540e-01, 1.949593e-23
9.619238, 1.274208e+01, 0.000000e+00, 3.039750e+06, 6.000000e+02, 2.852239e-02, 9.769000e-22, 2.715022e-22, 2.263540e-01, 1.949593e-23
9.819639, 1.274208e+01, 0.000000e+00, 3.039750e+06, 6.000000e+02, 2.852239e-02, 9.769000e-22, 2.715022e-22, 2.263540e-01, 1.949593e-23
10.020040, 1.274208e+01, 0.000000e+00, 3.039750e+06, 6.000000e+02, 2.852239e-02, 9.769000e-22, 2.715022e-22, 2.263540e-01, 1.949593e-23
10.220441, 1.274208e+01, 0.000000e+00, 3.039750e+06, 6.000000e+02, 2.852239e-02, 9.769000e-22, 2.715022e-22, 2.263540e-01, 1.949593e-23
10.420842, 1.274208e+01, 0.000000e+00, 3.039750e+06, 6.000000e+02, 2.852239e-02, 9.769000e-22, 2.715022e-22, 2.263540e-01, 1.949593e-23
10.621242, 1.274208e+01, 0.000000e+00, 3.039750e+06, 6.000000e+02, 2.852239e-02, 9.769000e-22, 2.715022e-22, 2.263540e-01, 1.949593e-23
10.821643, 1.274208e+01, 0.000000e+00, 3.039750e+06, 6.000000e+02, 2.852239e-02, 9.769000e-22, 2.715022e-22, 2.263540e-01, 1.949593e-23
11.022044, 1.274208e+01, 0.000000e+00, 3.039750e+06, 6.000000e+02, 2.852239e-02, 9.769000e-22, 2.715022e-22, 2.263540e-01, 1.949593e-23
11.222445, 1.274208e+01, 0.000000e+00, 3.039750e+06, 6.000000e+02, 2.852239e-02, 9.769000e-22, 2.715022e-22, 2.263540e-01, 1.949593e-23
11.422846, 1.274208e+01, 0.000000e+00, 3.039750e+06, 6.000000e+02, 2.852239e-02, 9.769000e-22, 2.715022e-22, 2.263540e-01, 1.949593e-23
11.623246, 1.274208e+01, 0.000000e+00, 3.039750e+06, 6.000000e+02, 2.852239e-02, 9.769000e-22, 2.715022e-22, 2.263540e-01, 1.949593e-23
11.823647, 1.274208e+01, 0.000000e+00, 3.039750e+06, 6.000000e+02, 2.852239e-02, 9.769000e-22, 2.715022e-22, 2.263540e-01, 1.949593e-23
12.024048, 1.274208e+01, 0.000000e+00, 3.039750e+06, 6.000000e+02, 2.852239e-02, 9.769000e-22, 2.715022e-22, 2.263540e-01, 1.949593e-23
12.224449, 1.274208e+01, -3.243330e-14, 3.039750e+06, 6.000000e+02, 2.852239e-02, 9.769000e-22, 2.715022e-22, 2.263540e-01, 1.949593e-23
12.424850, 1.274208e+01, -2.433033e-13, 3.039750e+06, 6.000000e+02, 2.852239e-02, 9.769000e-22, 2.715022e-22, 2.263540e-01, 1.949593e-23
12.625251, 1.274208e+01, -1.026838e-12, 3.039750e+06, 6.000000e+02, 2.852239e-02, 9.769000e-22, 2.715022e-22, 2.263540e-01, 1.949593e-23
12.825651, 1.274208e+01, -4.277136e-12, 3.039750e+06, 6.000000e+02, 2.852239e-02, 9.769000e-22, 2.715022e-22, 2.263540e-01, 1.949593e-23
13.026052, 1.274208e+01, -1.762948e-11, 3.039750e+06, 6.000000e+02, 2.852239e-02, 9.769000e-22, 2.715022e-22, 2.263540e-01, 1.949593e-23
13.226453, 1.274208e+01, -7.071172e-11, 3.039750e+06, 6.000000e+02, 2.852239e-02, 9.769000e-22, 2.715022e-22, 2.263540e-01, 1.949593e-23
13.426854, 1.274208e+01, -2.753577e-10, 3.039750e+06, 6.000000e+02, 2.852239e-02, 9.769000e-22, 2.715022e-22, 2.263540e-01, 1.949593e-23
13.627255, 1.274208e+01, -1.045177e-09, 3.039750e+06, 6.000000e+02, 2.852239e-02, 9.769000e-22, 2.715022e-22, 2.263540e-01, 1.949593e-23
13.827655, 1.274208e+01, -3.868680e-09, 3.039750e+06, 6.000000e+02, 2.852239e-02, 9.769000e-22, 2.715022e-22, 2.263540e-01, 1.949593e-23
14.028056, 1.274208e+01, -1.396058e-08, 3.039750e+06, 6.000000e+02, 2.852239e-02, 9.769000e-22, 2.715022e-22, 2.263540e-01, 1.949593e-23
14.228457, 1.274208e+01, -4.910289e-08, 3.039750e+06, 6.000000e+02, 2.852239e-02, 9.769000e-22, 2.715022e-22, 2.263540e-01, 1.949593e-23
14.428858, 1.274208e+01, -1.682718e-07, 3.039750e+06, 6.000000e+02, 2.852239e-02, 9.769000e-22, 2.715022e-22, 2.263540e-01, 1.949593e-23
14.629259, 1.274208e+01, -5.616195e-07, 3.039750e+06, 6.000000e+02, 2.852239e-02, 9.769000e-22, 2.715022e-22, 2.263540e-01, 1.949593e-23
14.829659, 1.274208e+01, -1.824817e-06, 3.039750e+06, 6.000000e+02, 2.852239e-02, 9.769000e-22, 2.715022e-22, 2.263540e-01, 1.949593e-23
15.030060, 1.274208e+01, -5.769756e-06, 3.039750e+06, 6.000000e+02, 2.852239e-02, 9.769000e-22, 2.715022e-22, 2.263540e-01, 1.949593e-23
15.230461, 1.274208e+01, -1.774461e-05, 3.039750e+06, 6.000000e+02, 2.852239e-02, 9.769000e-22, 2.715022e-22, 2.263540e-01, 1.949594e-23
15.430862, 1.274208e+01, -5.305804e-05, 3.039750e+06, 6.000000e+02, 2.852239e-02, 9.768999e-22, 2.715021e-22, 2.263540e-01, 1.949594e-23
15.631263, 1.274209e+01, -1.541744e-04, 3.039751e+06, 6.000000e+02, 2.852239e-02, 9.768997e-22, 2.715021e-22, 2.263540e-01, 1.949594e-23
15.831663, 1.274209e+01, -4.351585e-04, 3.039752e+06, 6.000000e+02, 2.852239e-02, 9.768992e-22, 2.715019e-22, 2.263540e-01, 1.949593e-23
16.032064, 1.274211e+01, -1.192484e-03, 3.039757e+06, 6.000000e+02, 2.852239e-02, 9.768978e-22, 2.715016e-22, 2.263540e-01, 1.949591e-23
16.232465, 1.274216e+01, -3.171194e-03, 3.039768e+06, 6.000000e+02, 2.852239e-02, 9.768942e-22, 2.715006e-22, 2.263540e-01, 1.949584e-23
16.432866, 1.274228e+01, -8.180038e-03, 3.039796e+06, 6.000000e+02, 2.852239e-02, 9.768851e-22, 2.714981e-22, 2.263540e-01, 1.949566e-23
16.633267, 1.274257e+01, -2.045733e-02, 3.039866e+06, 6.000000e+02, 2.852239e-02, 9.768627e-22, 2.714919e-22, 2.263540e-01, 1.949521e-23
16.833667, 1.274326e+01, -4.957979e-02, 3.040032e+06, 6.000000e+02, 2.852239e-02, 9.768096e-22, 2.714772e-22, 2.263540e-01, 1.949416e-23
17.034068, 1.274486e+01, -1.163911e-01, 3.040413e+06, 6.000000e+02, 2.852239e-02, 9.766874e-22, 2.714434e-22, 2.263540e-01, 1.949173e-23
17.234469, 1.274841e+01, -2.645285e-01, 3.041259e+06, 6.000000e+02, 2.852239e-02, 9.764162e-22, 2.713684e-22, 2.263540e-01, 1.948634e-23
17.434870, 1.275601e+01, -5.816836e-01, 3.043074e+06, 6.000000e+02, 2.852239e-02, 9.758347e-22, 2.712076e-22, 2.263540e-01, 1.947477e-23
17.635271, 1.277177e+01, -1.236408e+00, 3.046831e+06, 6.000000e+02, 2.852239e-02, 9.746335e-22, 2.708753e-22, 2.263540e-01, 1.945086e-23
17.835671, 1.280315e+01, -2.536540e+00, 3.054319e+06, 6.000000e+02, 2.852239e-02, 9.722488e-22, 2.702153e-22, 2.263540e-01, 1.940338e-23
18.036072, 1.286317e+01, -5.009638e+00, 3.068637e+06, 6.000000e+02, 2.852239e-02, 9.677221e-22, 2.689619e-22, 2.263540e-01, 1.931324e-23
18.236473, 1.297265e+01, -9.483685e+00, 3.094754e+06, 6.000000e+02, 2.852239e-02, 9.595743e-22, 2.667047e-22, 2.263540e-01, 1.915095e-23
18.436874, 1.316140e+01, -1.709314e+01, 3.139782e+06, 6.000000e+02, 2.852239e-02, 9.458493e-22, 2.629000e-22, 2.263540e-01, 1.887831e-23
18.637275, 1.346474e+01, -2.905983e+01, 3.212147e+06, 6.000000e+02, 2.852239e-02, 9.246122e-22, 2.570122e-22, 2.263540e-01, 1.854808e-23
18.837675, 1.391124e+01, -4.610938e+01, 3.318665e+06, 6.000000e+02, 2.852239e-02, 8.953664e-22, 2.488967e-22, 2.263540e-01, 2.306879e-23
19.038076, 1.450188e+01, -6.768675e+01, 3.459568e+06, 6.000000e+02, 2.852239e-02, 8.680632e-22, 2.413118e-22, 2.263540e-01, 1.708023e-22
19.238477, 1.519272e+01, -9.161839e+01, 3.624374e+06, 6.000000e+02, 2.852239e-02, 9.733791e-22, 2.705663e-22, 2.263540e-01, 2.647094e-21
19.438878, 1.589940e+01, -1.147593e+02, 3.792959e+06, 6.000000e+02, 2.852237e-02, 2.383659e-21, 6.624666e-22, 2.263538e-01, 2.859579e-20
19.639279, 1.652611e+01, -1.342164e+02, 3.942464e+06, 6.000000e+02, 2.852222e-02, 1.225041e-20, 3.404601e-21, 2.263526e-01, 2.146591e-19
19.839679, 1.699833e+01, -1.482008e+02, 4.055100e+06, 6.000000e+02, 2.852140e-02, 6.193608e-20, 1.721361e-20, 2.263460e-01, 1.198943e-18
20.040080, 1.727850e+01, -1.561160e+02, 4.121858e+06, 6.000000e+02, 2.851787e-02, 2.559018e-19, 7.112276e-20, 2.263175e-01, 5.277188e-18
20.240481, 1.736261e+01, -1.581815e+02, 4.141654e+06, 6.000000e+02, 2.850548e-02, 8.675681e-19, 2.411311e-19, 2.262173e-01, 1.912367e-17
20.440882, 1.726904e+01, -1.550003e+02, 4.118533e+06, 6.000000e+02, 2.846865e-02, 2.463356e-18, 6.847135e-19, 2.259200e-01, 5.895836e-17
20.641283, 1.702743e+01, -1.473026e+02, 4.058877e+06, 6.000000e+02, 2.837367e-02, 5.942935e-18, 1.651893e-18, 2.251537e-01, 1.585424e-16
20.841683, 1.667251e+01, -1.358111e+02, 3.969730e+06, 6.000000e+02, 2.815685e-02, 1.227860e-17, 3.411492e-18, 2.234061e-01, 3.792666e-16
21.042084, 1.624120e+01, -1.211959e+02, 3.857982e+06, 6.000000e+02, 2.771272e-02, 2.184250e-17, 6.058712e-18, 2.198303e-01, 8.206496e-16
21.242485, 1.577062e+01, -1.040674e+02, 3.729892e+06, 6.000001e+02, 2.688793e-02, 3.377462e-17, 9.329485e-18, 2.131982e-01, 1.630268e-15
21.442886, 1.529533e+01, -8.496136e+01, 3.590710e+06, 6.000003e+02, 2.548957e-02, 4.638340e-17, 1.270673e-17, 2.019706e-01, 3.015357e-15
21.643287, 1.484395e+01, -6.431651e+01, 3.444413e+06, 6.000009e+02, 2.331508e-02, 5.883609e-17, 1.590281e-17, 1.845413e-01, 5.263039e-15
21.843687, 1.443591e+01, -4.247596e+01, 3.293704e+06, 6.000025e+02, 2.020233e-02, 7.287883e-17, 1.935133e-17, 1.596436e-01, 8.782521e-15
22.044088, 1.408062e+01, -1.979036e+01, 3.140450e+06, 6.000088e+02, 1.607812e-02, 9.380355e-17, 2.453946e-17, 1.267441e-01, 1.421429e-14
22.244489, 1.379663e+01, 3.096405e+00, 2.986892e+06, 6.000575e+02, 1.078595e-02, 1.362491e-16, 3.664835e-17, 8.468865e-02, 2.318778e-14
22.444890, 1.237002e+01, -4.372700e+00, 2.641960e+06, 6.150644e+02, 4.199428e-03, 1.461526e-15, 3.446156e-14, 3.255524e-02, 1.331344e-13
22.645291, 2.843381e+00, -2.823983e+00, 2.509217e+06, 2.586575e+03, 8.188230e-04, 3.007120e-05, 1.733461e-04, 4.738553e-03, 3.871456e-03
22.845691, 2.208267e+00, 1.277873e+01, 2.408478e+06, 3.115969e+03, 2.989055e-03, 3.637570e-04, 2.474758e-03, 1.569556e-02, 1.788653e-02
23.046092, 2.116705e+00, 2.679050e+01, 2.312718e+06, 3.119115e+03, 3.043161e-03, 3.780708e-04, 2.574493e-03, 1.597562e-02, 1.823322e-02
23.246493, 2.023675e+00, 3.504351e+01, 2.210605e+06, 3.117146e+03, 3.072371e-03, 3.864652e-04, 2.630849e-03, 1.614011e-02, 1.839864e-02
23.446894, 1.919203e+00, 3.449556e+01, 2.095558e+06, 3.114329e+03, 3.104366e-03, 3.958948e-04, 2.693749e-03, 1.632300e-02, 1.857562e-02
23.647295, 1.803674e+00, 2.359671e+01, 1.968083e+06, 3.110616e+03, 3.139833e-03, 4.066127e-04, 2.764847e-03, 1.652840e-02, 1.876781e-02
23.847695, 1.684878e+00, 4.952828e+00, 1.836871e+06, 3.106220e+03, 3.177259e-03, 4.182055e-04, 2.841391e-03, 1.674754e-02, 1.896712e-02
24.048096, 1.575899e+00, -1.405082e+01, 1.716473e+06, 3.101700e+03, 3.213084e-03, 4.295595e-04, 2.916085e-03, 1.695913e-02, 1.915537e-02
24.248497, 1.488333e+00, -2.434283e+01, 1.619754e+06, 3.097733e+03, 3.243318e-03, 4.393286e-04, 2.980189e-03, 1.713880e-02, 1.931281e-02
24.448898, 1.426226e+00, -2.046390e+01, 1.551192e+06, 3.094748e+03, 3.265804e-03, 4.466977e-04, 3.028477e-03, 1.727287e-02, 1.942938e-02
24.649299, 1.387113e+00, -3.003110e+00, 1.508034e+06, 3.092793e+03, 3.280478e-03, 4.515534e-04, 3.060271e-03, 1.736054e-02, 1.950528e-02
24.849699, 1.366707e+00, 2.336570e+01, 1.485507e+06, 3.091724e+03, 3.288157e-03, 4.541167e-04, 3.077019e-03, 1.740665e-02, 1.954466e-02
25.050100, 1.362247e+00, 5.210589e+01, 1.480546e+06, 3.091425e+03, 3.289476e-03, 4.545785e-04, 3.079961e-03, 1.741504e-02, 1.955067e-02
25.250501, 1.374931e+00, 7.567184e+01, 1.494471e+06, 3.091970e+03, 3.283950e-03, 4.527701e-04, 3.068003e-03, 1.738274e-02, 1.952088e-02
25.450902, 1.410075e+00, 8.608986e+01, 1.533190e+06, 3.093663e+03, 3.270153e-03, 4.482197e-04, 3.038125e-03, 1.730086e-02, 1.944863e-02
25.651303, 1.474284e+00, 7.706679e+01, 1.604061e+06, 3.096794e+03, 3.246722e-03, 4.405207e-04, 2.987700e-03, 1.716100e-02, 1.932736e-02
25.851703, 1.569460e+00, 4.915032e+01, 1.709232e+06, 3.101234e+03, 3.214208e-03, 4.299719e-04, 2.918600e-03, 1.696703e-02, 1.915922e-02
26.052104, 1.686502e+00, 1.260042e+01, 1.838594e+06, 3.106188e+03, 3.176194e-03, 4.178974e-04, 2.839265e-03, 1.674190e-02, 1.896048e-02
26.252505, 1.807711e+00, -1.899954e+01, 1.972470e+06, 3.110666e+03, 3.138087e-03, 4.061011e-04, 2.761378e-03, 1.651878e-02, 1.875755e-02
26.452906, 1.918398e+00, -3.769925e+01, 2.094535e+06, 3.114144e+03, 3.103720e-03, 3.957390e-04, 2.692572e-03, 1.632020e-02, 1.857058e-02
26.653307, 2.014513e+00, -4.337786e+01, 2.200255e+06, 3.116612e+03, 3.073499e-03, 3.868585e-04, 2.633232e-03, 1.614814e-02, 1.840227e-02
26.853707, 2.100758e+00, -4.041467e+01, 2.294763e+06, 3.118292e+03, 3.045394e-03, 3.788041e-04, 2.579048e-03, 1.599061e-02, 1.824186e-02
27.054108, 2.196672e+00, -3.347569e+01, 2.392875e+06, 3.112686e+03, 2.976109e-03, 3.607228e-04, 2.452216e-03, 1.563743e-02, 1.778891e-02
27.254509, 2.813202e+00, -2.048198e+01, 2.538642e+06, 2.641380e+03, 9.582706e-04, 4.035959e-05, 2.376319e-04, 5.487159e-03, 4.667415e-03
27.454910, 1.195505e+01, -1.299471e+01, 2.668141e+06, 6.429462e+02, 4.180550e-03, 3.788328e-15, 1.771468e-15, 3.208887e-02, 8.675940e-13
27.655311, 1.347613e+01, -1.230070e+01, 2.918517e+06, 6.005785e+02, 1.073003e-02, 1.577714e-16, 4.061439e-17, 8.396517e-02, 3.127146e-14
27.855711, 1.374016e+01, 9.096152e+00, 3.063291e+06, 6.000311e+02, 1.602620e-02, 1.097633e-16, 2.806453e-17, 1.261191e-01, 1.792992e-14
28.056112, 1.408889e+01, 3.074444e+01, 3.211663e+06, 6.000061e+02, 2.005677e-02, 8.702085e-17, 2.280648e-17, 1.583314e-01, 1.099096e-14
28.256513, 1.449858e+01, 5.191722e+01, 3.359906e+06, 6.000020e+02, 2.308577e-02, 7.167486e-17, 1.922546e-17, 1.826068e-01, 6.649192e-15
28.456914, 1.495609e+01, 7.218327e+01, 3.506193e+06, 6.000007e+02, 2.523624e-02, 5.849819e-17, 1.596066e-17, 1.998782e-01, 3.891974e-15
28.657315, 1.544418e+01, 9.122322e+01, 3.648208e+06, 6.000003e+02, 2.666063e-02, 4.536327e-17, 1.251078e-17, 2.113378e-01, 2.177283e-15
28.857715, 1.593996e+01, 1.086977e+02, 3.782893e+06, 6.000001e+02, 2.753834e-02, 3.222961e-17, 8.939434e-18, 2.184095e-01, 1.151164e-15
29.058116, 1.641612e+01, 1.242162e+02, 3.906253e+06, 6.000000e+02, 2.803997e-02, 2.043112e-17, 5.679882e-18, 2.224561e-01, 5.689554e-16
29.258517, 1.684260e+01, 1.373313e+02, 4.013347e+06, 6.000000e+02, 2.830471e-02, 1.138058e-17, 3.165380e-18, 2.245938e-01, 2.599623e-16
29.458918, 1.718782e+01, 1.475352e+02, 4.098384e+06, 6.000000e+02, 2.843287e-02, 5.530954e-18, 1.538093e-18, 2.256297e-01, 1.085125e-16
29.659319, 1.741958e+01, 1.542517e+02, 4.154884e+06, 6.000000e+02, 2.848926e-02, 2.335617e-18, 6.493245e-19, 2.260859e-01, 4.082321e-17
29.859719, 1.750629e+01, 1.568364e+02, 4.176059e+06, 6.000000e+02, 2.851154e-02, 8.516172e-19, 2.367134e-19, 2.262662e-01, 1.361559e-17
30.060120, 1.741994e+01, 1.546248e+02, 4.155632e+06, 6.000000e+02, 2.851932e-02, 2.650035e-19, 7.365391e-20, 2.263291e-01, 3.941888e-18
30.260521, 1.714271e+01, 1.470624e+02, 4.089548e+06, 6.000000e+02, 2.852166e-02, 6.919342e-20, 1.923076e-20, 2.263481e-01, 9.633839e-19
30.460922, 1.667779e+01, 1.339282e+02, 3.978648e+06, 6.000000e+02, 2.852225e-02, 1.506249e-20, 4.186147e-21, 2.263529e-01, 1.915121e-19
30.661323, 1.605961e+01, 1.156993e+02, 3.831179e+06, 6.000000e+02, 2.852237e-02, 3.082273e-21, 8.566082e-22, 2.263538e-01, 2.950017e-20
30.861723, 1.535691e+01, 9.387122e+01, 3.663542e+06, 6.000000e+02, 2.852239e-02, 1.080686e-21, 3.003815e-22, 2.263540e-01, 3.322429e-21
31.062124, 1.465941e+01, 7.093030e+01, 3.497147e+06, 6.000000e+02, 2.852239e-02, 8.708032e-22, 2.420747e-22, 2.263540e-01, 2.681155e-22
31.262525, 1.404948e+01, 4.971443e+01, 3.351643e+06, 6.000000e+02, 2.852239e-02, 8.873083e-22, 2.466619e-22, 2.263540e-01, 2.965795e-23
31.462926, 1.357504e+01, 3.238897e+01, 3.238461e+06, 6.000000e+02, 2.852239e-02, 9.171450e-22, 2.549430e-22, 2.263540e-01, 1.863757e-23
31.663327, 1.324203e+01, 1.976195e+01, 3.159018e+06, 6.000000e+02, 2.852239e-02, 9.401048e-22, 2.613087e-22, 2.263540e-01, 1.876811e-23
31.863727, 1.302740e+01, 1.140596e+01, 3.107816e+06, 6.000000e+02, 2.852239e-02, 9.555506e-22, 2.655901e-22, 2.263540e-01, 1.907084e-23
32.064128, 1.289817e+01, 6.287061e+00, 3.076987e+06, 6.000000e+02, 2.852239e-02, 9.651016e-22, 2.682363e-22, 2.263540e-01, 1.926106e-23
32.264529, 1.282444e+01, 3.334262e+00, 3.059397e+06, 6.000000e+02, 2.852239e-02, 9.706383e-22, 2.697695e-22, 2.263540e-01, 1.937132e-23
32.464930, 1.278416e+01, 1.709976e+00, 3.049789e+06, 6.000000e+02, 2.852239e-02, 9.736901e-22, 2.706143e-22, 2.263540e-01, 1.943208e-23
32.665331, 1.276296e+01, 8.507658e-01, 3.044730e+06, 6.000000e+02, 2.852239e-02, 9.753047e-22, 2.710610e-22, 2.263540e-01, 1.946422e-23
32.865731, 1.275215e+01, 4.114428e-01, 3.042153e+06, 6.000000e+02, 2.852239e-02, 9.761296e-22, 2.712892e-22, 2.263540e-01, 1.948064e-23
33.066132, 1.274681e+01, 1.936487e-01, 3.040878e+06, 6.000000e+02, 2.852239e-02, 9.765380e-22, 2.714021e-22, 2.263540e-01, 1.948876e-23
33.266533, 1.274425e+01, 8.877169e-02, 3.040266e+06, 6.000000e+02, 2.852239e-02, 9.767343e-22, 2.714564e-22, 2.263540e-01, 1.949266e-23
33.466934, 1.274305e+01, 3.965962e-02, 3.039980e+06, 6.000000e+02, 2.852239e-02, 9.768261e-22, 2.714818e-22, 2.263540e-01, 1.949449e-23
33.667335, 1.274250e+01, 1.727646e-02, 3.039850e+06, 6.000000e+02, 2.852239e-02, 9.768679e-22, 2.714933e-22, 2.263540e-01, 1.949532e-23
33.867735, 1.274226e+01, 7.341664e-03, 3.039792e+06, 6.000000e+02, 2.852239e-02, 9.768864e-22, 2.714984e-22, 2.263540e-01, 1.949568e-23
34.068136, 1.274216e+01, 3.044836e-03, 3.039768e+06, 6.000000e+02, 2.852239e-02, 9.768943e-22, 2.715006e-22, 2.263540e-01, 1.949584e-23
34.268537, 1.274211e+01, 1.232986e-03, 3.039757e+06, 6.000000e+02, 2.852239e-02, 9.768977e-22, 2.715015e-22, 2.263540e-01, 1.949590e-23
34.468938, 1.274209e+01, 4.877225e-04, 3.039753e+06, 6.000000e+02, 2.852239e-02, 9.768991e-22, 2.715019e-22, 2.263540e-01, 1.949593e-23
34.669339, 1.274209e+01, 1.885399e-04, 3.039751e+06, 6.000000e+02, 2.852239e-02, 9.768996e-22, 2.715021e-22, 2.263540e-01, 1.949594e-23
34.869739, 1.274208e+01, 7.125976e-05, 3.039750e+06, 6.000000e+02, 2.852239e-02, 9.768999e-22, 2.715021e-22, 2.263540e-01, 1.949594e-23
35.070140, 1.274208e+01, 2.634440e-05, 3.039750e+06, 6.000000e+02, 2.852239e-02, 9.768999e-22, 2.715021e-22, 2.263540e-01, 1.949594e-23
35.270541, 1.274208e+01, 9.530708e-06, 3.039750e+06, 6.000000e+02, 2.852239e-02, 9.769000e-22, 2.715022e-22, 2.263540e-01, 1.949593e-23
35.470942, 1.274208e+01, 3.375525e-06, 3.039750e+06, 6.000000e+02, 2.852239e-02, 9.769000e-22, 2.715022e-22, 2.263540e-01, 1.949593e-23
35.671343, 1.274208e+01, 1.170899e-06, 3.039750e+06, 6.000000e+02, 2.852239e-02, 9.769000e-22, 2.715022e-22, 2.263540e-01, 1.949593e-23
35.871743, 1.274208e+01, 3.979587e-07, 3.039750e+06, 6.000000e+02, 2.852239e-02, 9.769000e-22, 2.715022e-22, 2.263540e-01, 1.949593e-23
36.072144, 1.274208e+01, 1.325777e-07, 3.039750e+06, 6.000000e+02, 2.852239e-02, 9.769000e-22, 2.715022e-22, 2.263540e-01, 1.949593e-23
36.272545, 1.274208e+01, 4.330983e-08, 3.039750e+06, 6.000000e+02, 2.852239e-02, 9.769000e-22, 2.715022e-22, 2.263540e-01, 1.949593e-23
36.472946, 1.274208e+01, 1.387873e-08, 3.039750e+06, 6.000000e+02, 2.852239e-02, 9.769000e-22, 2.715022e-22, 2.263540e-01, 1.949593e-23
36.673347, 1.274208e+01, 4.364418e-09, 3.039750e+06, 6.000000e+02, 2.852239e-02, 9.769000e-22, 2.715022e-22, 2.263540e-01, 1.949593e-23
36.873747, 1.274208e+01, 1.347362e-09, 3.039750e+06, 6.000000e+02, 2.852239e-02, 9.769000e-22, 2.715022e-22, 2.263540e-01, 1.949593e-23
37.074148, 1.274208e+01, 4.083677e-10, 3.039750e+06, 6.000000e+02, 2.852239e-02, 9.769000e-22, 2.715022e-22, 2.263540e-01, 1.949593e-23
37.274549, 1.274208e+01, 1.215533e-10, 3.039750e+06, 6.000000e+02, 2.852239e-02, 9.769000e-22, 2.715022e-22, 2.263540e-01, 1.949593e-23
37.474950, 1.274208e+01, 3.565272e-11, 3.039750e+06, 6.000000e+02, 2.852239e-02, 9.769000e-22, 2.715022e-22, 2.263540e-01, 1.949593e-23
37.675351, 1.274208e+01, 1.029645e-11, 3.039750e+06, 6.000000e+02, 2.852239e-02, 9.769000e-22, 2.715022e-22, 2.263540e-01, 1.949593e-23
37.875752, 1.274208e+01, 2.925766e-12, 3.039750e+06, 6.000000e+02, 2.852239e-02, 9.769000e-22, 2.715022e-22, 2.263540e-01, 1.949593e-23
38.076152, 1.274208e+01, 8.483338e-13, 3.039750e+06, 6.000000e+02, 2.852239e-02, 9.769000e-22, 2.715022e-22, 2.263540e-01, 1.949593e-23
38.276553, 1.274208e+01, 2.433079e-13, 3.039750e+06, 6.000000e+02, 2.852239e-02, 9.769000e-22, 2.715022e-22, 2.263540e-01, 1.949593e-23
38.476954, 1.274208e+01, 3.784159e-14, 3.039750e+06, 6.000000e+02, 2.852239e-02, 9.769000e-22, 2.715022e-22, 2.263540e-01, 1.949593e-23
38.677355, 1.274208e+01, 0.000000e+00, 3.039750e+06, 6.000000e+02, 2.852239e-02, 9.769000e-22, 2.715022e-22, 2.263540e-01, 1.949593e-23
38.877756, 1.274208e+01, 0.000000e+00, 3.039750e+06, 6.000000e+02, 2.852239e-02, 9.769000e-22, 2.715022e-22, 2.263540e-01, 1.949593e-23
39.078156, 1.274208e+01, 0.000000e+00, 3.039750e+06, 6.000000e+02, 2.852239e-02, 9.769000e-22, 2.715022e-22, 2.263540e-01, 1.949593e-23
39.278557, 1.274208e+01, 0.000000e+00, 3.039750e+06, 6.000000e+02, 2.852239e-02, 9.769000e-22, 2.715022e-22, 2.263540e-01, 1.949593e-23
39.478958, 1.274208e+01, 5.405995e-14, 3.039750e+06, 6.000000e+02, 2.852239e-02, 9.769000e-22, 2.715022e-22, 2.263540e-01, 1.949593e-23
39.679359, 1.274208e+01, 4.107020e-13, 3.039750e+06, 6.000000e+02, 2.852239e-02, 9.769000e-22, 2.715022e-22, 2.263540e-01, 1.949593e-23
39.879760, 1.274208e+01, 2.180262e-12, 3.039750e+06, 6.000000e+02, 2.852239e-02, 9.769000e-22, 2.715022e-22, 2.263540e-01, 1.949593e-23
40.080160, 1.274208e+01, 8.655334e-12, 3.039750e+06, 6.000000e+02, 2.852239e-02, 9.769000e-22, 2.715022e-22, 2.263540e-01, 1.949593e-23
40.280561, 1.274208e+01, 3.365813e-11, 3.039750e+06, 6.000000e+02, 2.852239e-02, 9.769000e-22, 2.715022e-22, 2.263540e-01, 1.949593e-23
40.480962, 1.274208e+01, 1.295452e-10, 3.039750e+06, 6.000000e+02, 2.852239e-02, 9.769000e-22, 2.715022e-22, 2.263540e-01, 1.949593e-23
40.681363, 1.274208e+01, 4.846851e-10, 3.039750e+06, 6.000000e+02, 2.852239e-02, 9.769000e-22, 2.715022e-22, 2.263540e-01, 1.949593e-23
40.881764, 1.274208e+01, 1.766789e-09, 3.039750e+06, 6.000000e+02, 2.852239e-02, 9.769000e-22, 2.715022e-22, 2.263540e-01, 1.949593e-23
41.082164, 1.274208e+01, 6.275367e-09, 3.039750e+06, 6.000000e+02, 2.852239e-02, 9.769000e-22, 2.715022e-22, 2.263540e-01, 1.949593e-23
41.282565, 1.274208e+01, 2.170745e-08, 3.039750e+06, 6.000000e+02, 2.852239e-02, 9.769000e-22, 2.715022e-22, 2.263540e-01, 1.949593e-23
41.482966, 1.274208e+01, 7.309389e-08, 3.039750e+06, 6.000000e+02, 2.852239e-02, 9.769000e-22, 2.715022e-22, 2.263540e-01, 1.949593e-23
41.683367, 1.274208e+01, 2.394678e-07, 3.039750e+06, 6.000000e+02, 2.852239e-02, 9.769000e-22, 2.715022e-22, 2.263540e-01, 1.949593e-23
41.883768, 1.274208e+01, 7.629394e-07, 3.039750e+06, 6.000000e+02, 2.852239e-02, 9.769000e-22, 2.715022e-22, 2.263540e-01, 1.949593e-23
42.084168, 1.274208e+01, 2.362547e-06, 3.039750e+06, 6.000000e+02, 2.852239e-02, 9.769000e-22, 2.715022e-22, 2.263540e-01, 1.949593e-23
42.284569, 1.274208e+01, 7.106848e-06, 3.039750e+06, 6.000000e+02, 2.852239e-02, 9.769000e-22, 2.715022e-22, 2.263540e-01, 1.949593e-23
42.484970, 1.274208e+01, 2.075516e-05, 3.039750e+06, 6.000000e+02, 2.852239e-02, 9.769000e-22, 2.715022e-22, 2.263540e-01, 1.949594e-23
42.685371, 1.274208e+01, 5.881135e-05, 3.039750e+06, 6.000000e+02, 2.852239e-02, 9.769001e-22, 2.715022e-22, 2.263540e-01, 1.949594e-23
42.885772, 1.274208e+01, 1.615851e-04, 3.039749e+06, 6.000000e+02, 2.852239e-02, 9.769003e-22, 2.715022e-22, 2.263540e-01, 1.949595e-23
43.086172, 1.274207e+01, 4.301801e-04, 3.039748e+06, 6.000000e+02, 2.852239e-02, 9.769008e-22, 2.715024e-22, 2.263540e-01, 1.949596e-23
43.286573, 1.274206e+01, 1.108910e-03, 3.039744e+06, 6.000000e+02, 2.852239e-02, 9.769020e-22, 2.715027e-22, 2.263540e-01, 1.949599e-23
43.486974, 1.274202e+01, 2.765732e-03, 3.039734e+06, 6.000000e+02, 2.852239e-02, 9.769050e-22, 2.715036e-22, 2.263540e-01, 1.949605e-23
43.687375, 1.274192e+01, 6.668744e-03, 3.039712e+06, 6.000000e+02, 2.852239e-02, 9.769122e-22, 2.715055e-22, 2.263540e-01, 1.949620e-23
43.887776, 1.274171e+01, 1.553219e-02, 3.039662e+06, 6.000000e+02, 2.852239e-02, 9.769284e-22, 2.715100e-22, 2.263540e-01, 1.949652e-23
44.088176, 1.274125e+01, 3.491342e-02, 3.039551e+06, 6.000000e+02, 2.852239e-02, 9.769639e-22, 2.715198e-22, 2.263540e-01, 1.949723e-23
44.288577, 1.274027e+01, 7.567030e-02, 3.039317e+06, 6.000000e+02, 2.852239e-02, 9.770388e-22, 2.715405e-22, 2.263540e-01, 1.949872e-23
44.488978, 1.273829e+01, 1.579884e-01, 3.038845e+06, 6.000000e+02, 2.852239e-02, 9.771904e-22, 2.715825e-22, 2.263540e-01, 1.950174e-23
44.689379, 1.273444e+01, 3.174589e-01, 3.037928e+06, 6.000000e+02, 2.852239e-02, 9.774848e-22, 2.716640e-22, 2.263540e-01, 1.950761e-23
44.889780, 1.272729e+01, 6.133809e-01, 3.036222e+06, 6.000000e+02, 2.852239e-02, 9.780327e-22, 2.718157e-22, 2.263540e-01, 1.951852e-23
45.090180, 1.271458e+01, 1.138729e+00, 3.033188e+06, 6.000000e+02, 2.852239e-02, 9.790087e-22, 2.720860e-22, 2.263540e-01, 1.953796e-23
45.290581, 1.269296e+01, 2.030065e+00, 3.028033e+06, 6.000000e+02, 2.852239e-02, 9.806712e-22, 2.725467e-22, 2.263540e-01, 1.957108e-23
45.490982, 1.265791e+01, 3.474400e+00, 3.019671e+06, 6.000000e+02, 2.852239e-02, 9.833791e-22, 2.732973e-22, 2.263540e-01, 1.962504e-23
45.691383, 1.260369e+01, 5.709297e+00, 3.006734e+06, 6.000000e+02, 2.852239e-02, 9.875969e-22, 2.744668e-22, 2.263540e-01, 1.970909e-23
45.891784, 1.252366e+01, 9.013205e+00, 2.987643e+06, 6.000000e+02, 2.852239e-02, 9.938860e-22, 2.762110e-22, 2.263540e-01, 1.983444e-23
46.092184, 1.241092e+01, 1.368542e+01, 2.960748e+06, 6.000000e+02, 2.852239e-02, 1.002880e-21, 2.787059e-22, 2.263540e-01, 2.001371e-23
46.292585, 1.225911e+01, 2.001860e+01, 2.924532e+06, 6.000000e+02, 2.852239e-02, 1.015246e-21, 2.821372e-22, 2.263540e-01, 2.026023e-23
46.492986, 1.206328e+01, 2.826963e+01, 2.877815e+06, 6.000000e+02, 2.852239e-02, 1.031649e-21, 2.866894e-22, 2.263540e-01, 2.058725e-23
46.693387, 1.182062e+01, 3.863555e+01, 2.819926e+06, 6.000000e+02, 2.852239e-02, 1.052717e-21, 2.925369e-22, 2.263540e-01, 2.100730e-23
46.893788, 1.153084e+01, 5.123963e+01, 2.750796e+06, 6.000000e+02, 2.852239e-02, 1.079020e-21, 2.998383e-22, 2.263540e-01, 2.153175e-23
47.094188, 1.119614e+01, 6.612920e+01, 2.670951e+06, 6.000000e+02, 2.852239e-02, 1.111072e-21, 3.087362e-22, 2.263540e-01, 2.217083e-23
47.294589, 1.082089e+01, 8.328393e+01, 2.581430e+06, 6.000000e+02, 2.852239e-02, 1.149337e-21, 3.193595e-22, 2.263540e-01, 2.293383e-23
47.494990, 1.041095e+01, 1.026311e+02, 2.483634e+06, 6.000000e+02, 2.852239e-02, 1.194258e-21, 3.318306e-22, 2.263540e-01, 2.382950e-23
47.695391, 9.973051e+00, 1.240643e+02, 2.379170e+06, 6.000000e+02, 2.852239e-02, 1.246278e-21, 3.462731e-22, 2.263540e-01, 2.486674e-23
47.895792, 9.514134e+00, 1.474624e+02, 2.269691e+06, 6.000000e+02, 2.852239e-02, 1.305887e-21, 3.628219e-22, 2.263540e-01, 2.605526e-23
48.096192, 9.040787e+00, 1.727077e+02, 2.156770e+06, 6.000000e+02, 2.852239e-02, 1.373657e-21, 3.816355e-22, 2.263540e-01, 2.740645e-23
48.296593, 8.558846e+00, 1.997036e+02, 2.041798e+06, 6.000000e+02, 2.852239e-02, 1.450299e-21, 4.029110e-22, 2.263540e-01, 2.893447e-23
48.496994, 8.073079e+00, 2.283932e+02, 1.925913e+06, 6.000000e+02, 2.852239e-02, 1.536748e-21, 4.269066e-22, 2.263540e-01, 3.065792e-23
48.697395, 7.586917e+00, 2.587846e+02, 1.809934e+06, 6.000000e+02, 2.852239e-02, 1.634288e-21, 4.539773e-22, 2.263540e-01, 3.260233e-23
48.897796, 7.102113e+00, 2.909916e+02, 1.694280e+06, 6.000000e+02, 2.852239e-02, 1.744791e-21, 4.846407e-22, 2.263540e-01, 3.480497e-23
49.098196, 6.618111e+00, 3.253144e+02, 1.578816e+06, 6.000000e+02, 2.852239e-02, 1.871210e-21, 5.197113e-22, 2.263540e-01, 3.732450e-23
49.298597, 6.130554e+00, 3.624262e+02, 1.462504e+06, 6.000000e+02, 2.852239e-02, 2.018708e-21, 5.606133e-22, 2.263540e-01, 4.026353e-23
49.498998, 5.627124e+00, 4.038860e+02, 1.342406e+06, 6.000000e+02, 2.852239e-02, 2.197850e-21, 6.102541e-22, 2.263540e-01, 4.383172e-23
49.699399, 5.072879e+00, 4.539813e+02, 1.210186e+06, 6.000000e+02, 2.852239e-02, 2.436353e-21, 6.762414e-22, 2.263540e-01, 4.857842e-23
49.899800, 4.329150e+00, 5.305809e+02, 1.032762e+06, 6.000000e+02, 2.852239e-02, 2.853064e-21, 7.909999e-22, 2.263540e-01, 5.685155e-23
50.100200, 2.522610e+00, 9.438952e+02, 3.039750e+03, 3.000000e+02, 2.852239e-02, 2.809118e-21, 7.788473e-22, 2.263540e-01, 5.597663e-23
50.300601, 2.532890e+00, 9.425657e+02, 3.039750e+03, 3.000000e+02, 2.852239e-02, 2.801254e-21, 7.766396e-22, 2.263540e-01, 5.581846e-23
50.501002, 2.544777e+00, 9.411121e+02, 3.039750e+03, 3.000000e+02, 2.852239e-02, 2.793016e-21, 7.743276e-22, 2.263540e-01, 5.565284e-23
50.701403, 2.558615e+00, 9.395160e+02, 3.039750e+03, 3.000000e+02, 2.852239e-02, 2.784130e-21, 7.718354e-22, 2.263540e-01, 5.547430e-23
50.901804, 2.574886e+00, 9.377530e+02, 3.039750e+03, 3.000000e+02, 2.852239e-02, 2.774330e-21, 7.690884e-22, 2.263540e-01, 5.527749e-23
51.102204, 2.594286e+00, 9.357896e+02, 3.039750e+03, 3.000000e+02, 2.852239e-02, 2.763351e-21, 7.660128e-22, 2.263540e-01, 5.505714e-23
51.302605, 2.617910e+00, 9.335778e+02, 3.039750e+03, 3.000000e+02, 2.852239e-02, 2.750881e-21, 7.625224e-22, 2.263540e-01, 5.480705e-23
51.503006, 2.647569e+00, 9.310431e+02, 3.039750e+03, 3.000000e+02, 2.852238e-02, 2.736491e-21, 7.584977e-22, 2.263540e-01, 5.451863e-23
51.703407, 2.686353e+00, 9.280636e+02, 3.039750e+03, 3.000000e+02, 2.852236e-02, 2.719525e-21, 7.537562e-22, 2.263540e-01, 5.417880e-23
51.903808, 2.739462e+00, 9.244357e+02, 3.039750e+03, 3.000000e+02, 2.852229e-02, 2.698933e-21, 7.480071e-22, 2.263540e-01, 5.376664e-23
52.104208, 2.815120e+00, 9.198304e+02, 3.039750e+03, 3.000000e+02, 2.852207e-02, 2.673085e-21, 7.407978e-22, 2.263541e-01, 5.324964e-23
52.304609, 2.925030e+00, 9.137623e+02, 3.039750e+03, 3.000000e+02, 2.852146e-02, 2.639656e-21, 7.314845e-22, 2.263542e-01, 5.258153e-23
52.505010, 3.083291e+00, 9.056244e+02, 3.039750e+03, 3.000000e+02, 2.851997e-02, 2.595869e-21, 7.192981e-22, 2.263546e-01, 5.170700e-23
52.705411, 3.302474e+00, 8.948449e+02, 3.039750e+03, 3.000000e+02, 2.851668e-02, 2.539322e-21, 7.035742e-22, 2.263553e-01, 5.057825e-23
52.905812, 3.586347e+00, 8.811489e+02, 3.039750e+03, 3.000000e+02, 2.851012e-02, 2.469249e-21, 6.841033e-22, 2.263568e-01, 4.918015e-23
53.106212, 3.920953e+00, 8.647633e+02, 3.039750e+03, 3.000000e+02, 2.849829e-02, 2.387394e-21, 6.613714e-22, 2.263595e-01, 4.754754e-23
53.306613, 4.268509e+00, 8.463807e+02, 3.039750e+03, 3.000000e+02, 2.847863e-02, 2.297658e-21, 6.364623e-22, 2.263641e-01, 4.575826e-23
53.507014, 4.569462e+00, 8.268903e+02, 3.039750e+03, 3.000000e+02, 2.844787e-02, 2.204699e-21, 6.106672e-22, 2.263711e-01, 4.390508e-23
53.707415, 4.754977e+00, 8.070729e+02, 3.039750e+03, 3.000000e+02, 2.840159e-02, 2.112483e-21, 5.850857e-22, 2.263818e-01, 4.206706e-23
53.907816, 4.766298e+00, 7.874223e+02, 3.039750e+03, 3.000000e+02, 2.833337e-02, 2.023561e-21, 5.604233e-22, 2.263974e-01, 4.029491e-23
54.108216, 4.573002e+00, 7.681020e+02, 3.039750e+03, 3.000000e+02, 2.823360e-02, 1.939019e-21, 5.369804e-22, 2.264204e-01, 3.861027e-23
54.308617, 4.182296e+00, 7.489668e+02, 3.039750e+03, 3.000000e+02, 2.808755e-02, 1.858754e-21, 5.147270e-22, 2.264539e-01, 3.701101e-23
54.509018, 3.636048e+00, 7.295746e+02, 3.039750e+03, 3.000000e+02, 2.787248e-02, 1.781721e-21, 4.933731e-22, 2.265034e-01, 3.547628e-23
54.709419, 2.997992e+00, 7.091441e+02, 3.039750e+03, 3.000000e+02, 2.755304e-02, 1.706005e-21, 4.723876e-22, 2.265768e-01, 3.396794e-23
54.909820, 2.337173e+00, 6.864187e+02, 3.039750e+03, 3.000000e+02, 2.707351e-02, 1.628601e-21, 4.509383e-22, 2.266870e-01, 3.242612e-23
55.110220, 1.713814e+00, 6.593682e+02, 3.039750e+03, 3.000000e+02, 2.634390e-02, 1.544761e-21, 4.277104e-22, 2.268547e-01, 3.075631e-23
55.310621, 1.171259e+00, 6.245772e+02, 3.039750e+03, 3.000000e+02, 2.521336e-02, 1.446545e-21, 4.005053e-22, 2.271145e-01, 2.880040e-23
55.511022, 7.343076e-01, 5.759587e+02, 3.039750e+03, 3.000000e+02, 2.341507e-02, 1.319722e-21, 3.653834e-22, 2.275278e-01, 2.627506e-23
55.711423, 4.117541e-01, 5.021082e+02, 3.039750e+03, 3.000000e+02, 2.045235e-02, 1.137377e-21, 3.148929e-22, 2.282087e-01, 2.264443e-23
55.911824, 1.984721e-01, 3.879550e+02, 3.039750e+03, 3.000000e+02, 1.541233e-02, 8.493904e-22, 2.351586e-22, 2.293670e-01, 1.691071e-23
56.112224, 8.407065e-02, 2.242223e+02, 3.039750e+03, 3.000000e+02, 7.492582e-03, 4.107649e-22, 1.137218e-22, 2.311872e-01, 8.177983e-24
56.312625, 4.351577e-02, 6.189888e+01, 3.039750e+03, 3.000000e+02, 1.011938e-03, 5.533559e-23, 1.531981e-23, 2.326766e-01, 1.101683e-24
56.513026, 3.595574e-02, 6.839013e+00, 3.039750e+03, 3.000000e+02, 1.242204e-05, 6.784479e-25, 1.878299e-25, 2.329064e-01, 1.350729e-26
56.713427, 3.522132e-02, 5.512161e-01, 3.039750e+03, 3.000000e+02, 9.908591e-09, 5.408153e-28, 1.497259e-28, 2.329092e-01, 1.076714e-29
56.913828, 3.516393e-02, 4.282780e-02, 3.039750e+03, 3.000000e+02, 5.412631e-13, 2.953062e-32, 8.175610e-33, 2.329092e-01, 5.879277e-34
57.114228, 3.515948e-02, 3.314329e-03, 3.039750e+03, 3.000000e+02, 2.118694e-18, 1.155638e-37, 3.199405e-38, 2.329092e-01, 2.300769e-39
57.314629, 3.515914e-02, 2.561039e-04, 3.039750e+03, 3.000000e+02, 6.099307e-25, 3.326297e-44, 9.208913e-45, 2.329092e-01, 6.622352e-46
57.515030, 3.515911e-02, 1.976188e-05, 3.039750e+03, 3.000000e+02, 1.311548e-32, 7.151802e-52, 1.979989e-52, 2.329092e-01, 1.423858e-53
57.715431, 3.515911e-02, 1.522674e-06, 3.039750e+03, 3.000000e+02, 2.126605e-41, 1.159537e-60, 3.210198e-61, 2.329092e-01, 2.308532e-62
57.915832, 3.515911e-02, 1.171479e-07, 3.039750e+03, 3.000000e+02, 2.615059e-51, 1.425792e-70, 3.947331e-71, 2.329092e-01, 2.838622e-72
58.116232, 3.515911e-02, 8.999151e-09, 3.039750e+03, 3.000000e+02, 2.446983e-62, 1.334103e-81, 3.693491e-82, 2.329092e-01, 2.656078e-83
58.316633, 3.515911e-02, 6.902530e-10, 3.039750e+03, 3.000000e+02, 1.745506e-74, 9.516284e-94, 2.634574e-94, 2.329092e-01, 1.894578e-95
58.517034, 3.515911e-02, 5.286624e-11, 3.039750e+03, 3.000000e+02, 9.498157e-88, 5.177941e-107, 1.433592e-107, 2.329092e-01, 1.031040e-108
58.717435, 3.515911e-02, 4.043596e-12, 3.039750e+03, 3.000000e+02, 3.947813e-102, 2.151807e-121, 5.959995e-122, 2.329092e-01, 4.292706e-123
58.917836, 3.515911e-02, 3.080017e-13, 3.039750e+03, 3.000000e+02, 1.280248e-117, 6.812507e-137, 1.904027e-137, 2.329092e-01, 1.345979e-138
59.118236, 3.515911e-02, 2.295717e-14, 3.039750e+03, 3.000000e+02, 3.433033e-134, 1.799125e-153, 5.425230e-154, 2.329092e-01, 3.421645e-155
59.318637, 3.515911e-02, 0.000000e+00, 3.039750e+03, 3.000000e+02, 1.169340e-151, 6.120309e-171, 1.847723e-171, 2.329092e-01, 1.165862e-172
59.519038, 3.515911e-02, 0.000000e+00, 3.039750e+03, 3.000000e+02, 0.000000e+00, 0.000000e+00, 0.000000e+00, 2.329092e-01, 0.000000e+00
59.719439, 3.515911e-02, 0.000000e+00, 3.039750e+03, 3.000000e+02, 0.000000e+00, 0.000000e+00, 0.000000e+00, 2.329092e-01, 0.000000e+00
59.919840, 3.515911e-02, 0.000000e+00, 3.039750e+03, 3.000000e+02, 0.000000e+00, 0.000000e+00, 0.000000e+00, 2.329092e-01, 0.000000e+00
60.120240, 3.515911e-02, 0.000000e+00, 3.039750e+03, 3.000000e+02, 0.000000e+00, 0.000000e+00, 0.000000e+00, 2.329092e-01, 0.000000e+00
60.320641, 3.515911e-02, 0.000000e+00, 3.039750e+03, 3.000000e+02, 0.000000e+00, 0.000000e+00, 0.000000e+00, 2.329092e-01, 0.000000e+00
60.521042, 3.515911e-02, 0.000000e+00, 3.039750e+03, 3.000000e+02, 0.000000e+00, 0.000000e+00, 0.000000e+00, 2.329092e-01, 0.000000e+00
60.721443, 3.515911e-02, 0.000000e+00, 3.039750e+03, 3.000000e+02, 0.000000e+00, 0.000000e+00, 0.000000e+00, 2.329092e-01, 0.000000e+00
60.921844, 3.515911e-02, 0.000000e+00, 3.039750e+03, 3.000000e+02, 0.000000e+00, 0.000000e+00, 0.000000e+00, 2.329092e-01, 0.000000e+00
61.122244, 3.515911e-02, 0.000000e+00, 3.039750e+03, 3.000000e+02, 0.000000e+00, 0.000000e+00, 0.000000e+00, 2.329092e-01, 0.000000e+00
61.322645, 3.515911e-02, 0.000000e+00, 3.039750e+03, 3.000000e+02, 0.000000e+00, 0.000000e+00, 0.000000e+00, 2.329092e-01, 0.000000e+00
61.523046, 3.515911e-02, 0.000000e+00, 3.039750e+03, 3.000000e+02, 0.000000e+00, 0.000000e+00, 0.000000e+00, 2.329092e-01, 0.000000e+00
61.723447, 3.515911e-02, 0.000000e+00, 3.039750e+03, 3.000000e+02, 0.000000e+00, 0.000000e+00, 0.000000e+00, 2.329092e-01, 0.000000e+00
61.923848, 3.515911e-02, 0.000000e+00, 3.039750e+03, 3.000000e+02, 0.000000e+00, 0.000000e+00, 0.000000e+00, 2.329092e-01, 0.000000e+00
62.124248, 3.515911e-02, 0.000000e+00, 3.039750e+03, 3.000000e+02, 0.000000e+00, 0.000000e+00, 0.000000e+00, 2.329092e-01, 0.000000e+00
62.324649, 3.515911e-02, 0.000000e+00, 3.039750e+03, 3.000000e+02, 0.000000e+00, 0.000000e+00, 0.000000e+00, 2.329092e-01, 0.000000e+00
62.525050, 3.515911e-02, 0.000000e+00, 3.039750e+03, 3.000000e+02, 0.000000e+00, 0.000000e+00, 0.000000e+00, 2.329092e-01, 0.000000e+00
62.725451, 3.515911e-02, 0.000000e+00, 3.039750e+03, 3.000000e+02, 0.000000e+00, 0.000000e+00, 0.000000e+00, 2.329092e-01, 0.000000e+00
62.925852, 3.515911e-02, 0.000000e+00, 3.039750e+03, 3.000000e+02, 0.000000e+00, 0.000000e+00, 0.000000e+00, 2.329092e-01, 0.000000e+00
63.126253, 3.515911e-02, 0.000000e+00, 3.039750e+03, 3.000000e+02, 0.000000e+00, 0.000000e+00, 0.000000e+00, 2.329092e-01, 0.000000e+00
63.326653, 3.515911e-02, 0.000000e+00, 3.039750e+03, 3.000000e+02, 0.000000e+00, 0.000000e+00, 0.000000e+00, 2.329092e-01, 0.000000e+00
63.527054, 3.515911e-02, 0.000000e+00, 3.039750e+03, 3.000000e+02, 0.000000e+00, 0.000000e+00, 0.000000e+00, 2.329092e-01, 0.000000e+00
63.727455, 3.515911e-02, 0.000000e+00, 3.039750e+03, 3.000000e+02, 0.000000e+00, 0.000000e+00, 0.000000e+00, 2.329092e-01, 0.000000e+00
63.927856, 3.515911e-02, 0.000000e+00, 3.039750e+03, 3.000000e+02, 0.000000e+00, 0.000000e+00, 0.000000e+00, 2.329092e-01, 0.000000e+00
64.128257, 3.515911e-02, 0.000000e+00, 3.039750e+03, 3.000000e+02, 0.000000e+00, 0.000000e+00, 0.000000e+00, 2.329092e-01, 0.000000e+00
64.328657, 3.515911e-02, 0.000000e+00, 3.039750e+03, 3.000000e+02, 0.000000e+00, 0.000000e+00, 0.000000e+00, 2.329092e-01, 0.000000e+00
64.529058, 3.515911e-02, 0.000000e+00, 3.039750e+03, 3.000000e+02, 0.000000e+00, 0.000000e+00, 0.000000e+00, 2.329092e-01, 0.000000e+00
64.729459, 3.515911e-02, 0.000000e+00, 3.039750e+03, 3.000000e+02, 0.000000e+00, 0.000000e+00, 0.000000e+00, 2.329092e-01, 0.000000e+00
64.929860, 3.515911e-02, 0.000000e+00, 3.039750e+03, 3.000000e+02, 0.000000e+00, 0.000000e+00, 0.000000e+00, 2.329092e-01, 0.000000e+00
65.130261, 3.515911e-02, 0.000000e+00, 3.039750e+03, 3.000000e+02, 0.000000e+00, 0.000000e+00, 0.000000e+00, 2.329092e-01, 0.000000e+00
65.330661, 3.515911e-02, 0.000000e+00, 3.039750e+03, 3.000000e+02, 0.000000e+00, 0.000000e+00, 0.000000e+00, 2.329092e-01, 0.000000e+00
65.531062, 3.515911e-02, 0.000000e+00, 3.039750e+03, 3.000000e+02, 0.000000e+00, 0.000000e+00, 0.000000e+00, 2.329092e-01, 0.000000e+00
65.731463, 3.515911e-02, 0.000000e+00, 3.039750e+03, 3.000000e+02, 0.000000e+00, 0.000000e+00, 0.000000e+00, 2.329092e-01, 0.000000e+00
65.931864, 3.515911e-02, 0.000000e+00, 3.039750e+03, 3.000000e+02, 0.000000e+00, 0.000000e+00, 0.000000e+00, 2.329092e-01, 0.000000e+00
66.132265, 3.515911e-02, 0.000000e+00, 3.039750e+03, 3.000000e+02, 0.000000e+00, 0.000000e+00, 0.000000e+00, 2.329092e-01, 0.000000e+00
66.332665, 3.515911e-02, 0.000000e+00, 3.039750e+03, 3.000000e+02, 0.000000e+00, 0.000000e+00, 0.000000e+00, 2.329092e-01, 0.000000e+00
66.533066, 3.515911e-02, 0.000000e+00, 3.039750e+03, 3.000000e+02, 0.000000e+00, 0.000000e+00, 0.000000e+00, 2.329092e-01, 0.000000e+00
66.733467, 3.515911e-02, 0.000000e+00, 3.039750e+03, 3.000000e+02, 0.000000e+00, 0.000000e+00, 0.000000e+00, 2.329092e-01, 0.000000e+00
66.933868, 3.515911e-02, 0.000000e+00, 3.039750e+03, 3.000000e+02, 0.000000e+00, 0.000000e+00, 0.000000e+00, 2.329092e-01, 0.000000e+00
67.134269, 3.515911e-02, 0.000000e+00, 3.039750e+03, 3.000000e+02, 0.000000e+00, 0.000000e+00, 0.000000e+00, 2.329092e-01, 0.000000e+00
67.334669, 3.515911e-02, 0.000000e+00, 3.039750e+03, 3.000000e+02, 0.000000e+00, 0.000000e+00, 0.000000e+00, 2.329092e-01, 0.000000e+00
67.535070, 3.515911e-02, 0.000000e+00, 3.039750e+03, 3.000000e+02, 0.000000e+00, 0.000000e+00, 0.000000e+00, 2.329092e-01, 0.000000e+00
67.735471, 3.515911e-02, 0.000000e+00, 3.039750e+03, 3.000000e+02, 0.000000e+00, 0.000000e+00, 0.000000e+00, 2.329092e-01, 0.000000e+00
67.935872, 3.515911e-02, 0.000000e+00, 3.039750e+03, 3.000000e+02, 0.000000e+00, 0.000000e+00, 0.000000e+00, 2.329092e-01, 0.000000e+00
68.136273, 3.515911e-02, 0.000000e+00, 3.039750e+03, 3.000000e+02, 0.000000e+00, 0.000000e+00, 0.000000e+00, 2.329092e-01, 0.000000e+00
68.336673, 3.515911e-02, 0.000000e+00, 3.039750e+03, 3.000000e+02, 0.000000e+00, 0.000000e+00, 0.000000e+00, 2.329092e-01, 0.000000e+00
68.537074, 3.515911e-02, 0.000000e+00, 3.039750e+03, 3.000000e+02, 0.000000e+00, 0.000000e+00, 0.000000e+00, 2.329092e-01, 0.000000e+00
68.737475, 3.515911e-02, 0.000000e+00, 3.039750e+03, 3.000000e+02, 0.000000e+00, 0.000000e+00, 0.000000e+00, 2.329092e-01, 0.000000e+00
68.937876, 3.515911e-02, 0.000000e+00, 3.039750e+03, 3.000000e+02, 0.000000e+00, 0.000000e+00, 0.000000e+00, 2.329092e-01, 0.000000e+00
69.138277, 3.515911e-02, 0.000000e+00, 3.039750e+03, 3.000000e+02, 0.000000e+00, 0.000000e+00, 0.000000e+00, 2.329092e-01, 0.000000e+00
69.338677, 3.515911e-02, 0.000000e+00, 3.039750e+03, 3.000000e+02, 0.000000e+00, 0.000000e+00, 0.000000e+00, 2.329092e-01, 0.000000e+00
69.539078, 3.515911e-02, 0.000000e+00, 3.039750e+03, 3.000000e+02, 0.000000e+00, 0.000000e+00, 0.000000e+00, 2.329092e-01, 0.000000e+00
69.739479, 3.515911e-02, 0.000000e+00, 3.039750e+03, 3.000000e+02, 0.000000e+00, 0.000000e+00, 0.000000e+00, 2.329092e-01, 0.000000e+00
69.939880, 3.515911e-02, 0.000000e+00, 3.039750e+03, 3.000000e+02, 0.000000e+00, 0.000000e+00, 0.000000e+00, 2.329092e-01, 0.000000e+00
70.140281, 3.515911e-02, 0.000000e+00, 3.039750e+03, 3.000000e+02, 0.000000e+00, 0.000000e+00, 0.000000e+00, 2.329092e-01, 0.000000e+00
70.340681, 3.515911e-02, 0.000000e+00, 3.039750e+03, 3.000000e+02, 0.000000e+00, 0.000000e+00, 0.000000e+00, 2.329092e-01, 0.000000e+00
70.541082, 3.515911e-02, 0.000000e+00, 3.039750e+03, 3.000000e+02, 0.000000e+00, 0.000000e+00, 0.000000e+00, 2.329092e-01, 0.000000e+00
70.741483, 3.515911e-02, 0.000000e+00, 3.039750e+03, 3.000000e+02, 0.000000e+00, 0.000000e+00, 0.000000e+00, 2.329092e-01, 0.000000e+00
70.941884, 3.515911e-02, 0.000000e+00, 3.039750e+03, 3.000000e+02, 0.000000e+00, 0.000000e+00, 0.000000e+00, 2.329092e-01, 0.000000e+00
71.142285, 3.515911e-02, 0.000000e+00, 3.039750e+03, 3.000000e+02, 0.000000e+00, 0.000000e+00, 0.000000e+00, 2.329092e-01, 0.000000e+00
71.342685, 3.515911e-02, 0.000000e+00, 3.039750e+03, 3.000000e+02, 0.000000e+00, 0.000000e+00, 0.000000e+00, 2.329092e-01, 0.000000e+00
71.543086, 3.515911e-02, 0.000000e+00, 3.039750e+03, 3.000000e+02, 0.000000e+00, 0.000000e+00, 0.000000e+00, 2.329092e-01, 0.000000e+00
71.743487, 3.515911e-02, 0.000000e+00, 3.039750e+03, 3.000000e+02, 0.000000e+00, 0.000000e+00, 0.000000e+00, 2.329092e-01, 0.000000e+00
71.943888, 3.515911e-02, 0.000000e+00, 3.039750e+03, 3.000000e+02, 0.000000e+00, 0.000000e+00, 0.000000e+00, 2.329092e-01, 0.000000e+00
72.144289, 3.515911e-02, 0.000000e+00, 3.039750e+03, 3.000000e+02, 0.000000e+00, 0.000000e+00, 0.000000e+00, 2.329092e-01, 0.000000e+00
72.344689, 3.515911e-02, 0.000000e+00, 3.039750e+03, 3.000000e+02, 0.000000e+00, 0.000000e+00, 0.000000e+00, 2.329092e-01, 0.000000e+00
72.545090, 3.515911e-02, 0.000000e+00, 3.039750e+03, 3.000000e+02, 0.000000e+00, 0.000000e+00, 0.000000e+00, 2.329092e-01, 0.000000e+00
72.745491, 3.515911e-02, 0.000000e+00, 3.039750e+03, 3.000000e+02, 0.000000e+00, 0.000000e+00, 0.000000e+00, 2.329092e-01, 0.000000e+00
72.945892, 3.515911e-02, 0.000000e+00, 3.039750e+03, 3.000000e+02, 0.000000e+00, 0.000000e+00, 0.000000e+00, 2.329092e-01, 0.000000e+00
73.146293, 3.515911e-02, 0.000000e+00, 3.039750e+03, 3.000000e+02, 0.000000e+00, 0.000000e+00, 0.000000e+00, 2.329092e-01, 0.000000e+00
73.346693, 3.515911e-02, 0.000000e+00, 3.039750e+03, 3.000000e+02, 0.000000e+00, 0.000000e+00, 0.000000e+00, 2.329092e-01, 0.000000e+00
73.547094, 3.515911e-02, 0.000000e+00, 3.039750e+03, 3.000000e+02, 0.000000e+00, 0.000000e+00, 0.000000e+00, 2.329092e-01, 0.000000e+00
73.747495, 3.515911e-02, 0.000000e+00, 3.039750e+03, 3.000000e+02, 0.000000e+00, 0.000000e+00, 0.000000e+00, 2.329092e-01, 0.000000e+00
73.947896, 3.515911e-02, 0.000000e+00, 3.039750e+03, 3.000000e+02, 0.000000e+00, 0.000000e+00, 0.000000e+00, 2.329092e-01, 0.000000e+00
74.148297, 3.515911e-02, 0.000000e+00, 3.039750e+03, 3.000000e+02, 0.000000e+00, 0.000000e+00, 0.000000e+00, 2.329092e-01, 0.000000e+00
74.348697, 3.515911e-02, 0.000000e+00, 3.039750e+03, 3.000000e+02, 0.000000e+00, 0.000000e+00, 0.000000e+00, 2.329092e-01, 0.000000e+00
74.549098, 3.515911e-02, 0.000000e+00, 3.039750e+03, 3.000000e+02, 0.000000e+00, 0.000000e+00, 0.000000e+00, 2.329092e-01, 0.000000e+00
74.749499, 3.515911e-02, 0.000000e+00, 3.039750e+03, 3.000000e+02, 0.000000e+00, 0.000000e+00, 0.000000e+00, 2.329092e-01, 0.000000e+00
74.949900, 3.515911e-02, 0.000000e+00, 3.039750e+03, 3.000000e+02, 0.000000e+00, 0.000000e+00, 0.000000e+00, 2.329092e-01, 0.000000e+00
75.150301, 3.515911e-02, 0.000000e+00, 3.039750e+03, 3.000000e+02, 0.000000e+00, 0.000000e+00, 0.000000e+00, 2.329092e-01, 0.000000e+00
75.350701, 3.515911e-02, 0.000000e+00, 3.039750e+03, 3.000000e+02, 0.000000e+00, 0.000000e+00, 0.000000e+00, 2.329092e-01, 0.000000e+00
75.551102, 3.515911e-02, 0.000000e+00, 3.039750e+03, 3.000000e+02, 0.000000e+00, 0.000000e+00, 0.000000e+00, 2.329092e-01, 0.000000e+00
75.751503, 3.515911e-02, 0.000000e+00, 3.039750e+03, 3.000000e+02, 0.000000e+00, 0.000000e+00, 0.000000e+00, 2.329092e-01, 0.000000e+00
75.951904, 3.515911e-02, 0.000000e+00, 3.039750e+03, 3.000000e+02, 0.000000e+00, 0.000000e+00, 0.000000e+00, 2.329092e-01, 0.000000e+00
76.152305, 3.515911e-02, 0.000000e+00, 3.039750e+03, 3.000000e+02, 0.000000e+00, 0.000000e+00, 0.000000e+00, 2.329092e-01, 0.000000e+00
76.352705, 3.515911e-02, 0.000000e+00, 3.039750e+03, 3.000000e+02, 0.000000e+00, 0.000000e+00, 0.000000e+00, 2.329092e-01, 0.000000e+00
76.553106, 3.515911e-02, 0.000000e+00, 3.039750e+03, 3.000000e+02, 0.000000e+00, 0.000000e+00, 0.000000e+00, 2.329092e-01, 0.000000e+00
76.753507, 3.515911e-02, 0.000000e+00, 3.039750e+03, 3.000000e+02, 0.000000e+00, 0.000000e+00, 0.000000e+00, 2.329092e-01, 0.000000e+00
76.953908, 3.515911e-02, 0.000000e+00, 3.039750e+03, 3.000000e+02, 0.000000e+00, 0.000000e+00, 0.000000e+00, 2.329092e-01, 0.000000e+00
77.154309, 3.515911e-02, 0.000000e+00, 3.039750e+03, 3.000000e+02, 0.000000e+00, 0.000000e+00, 0.000000e+00, 2.329092e-01, 0.000000e+00
77.354709, 3.515911e-02, 0.000000e+00, 3.039750e+03, 3.000000e+02, 0.000000e+00, 0.000000e+00, 0.000000e+00, 2.329092e-01, 0.000000e+00
77.555110, 3.515911e-02, 0.000000e+00, 3.039750e+03, 3.000000e+02, 0.000000e+00, 0.000000e+00, 0.000000e+00, 2.329092e-01, 0.000000e+00
77.755511, 3.515911e-02, 0.000000e+00, 3.039750e+03, 3.000000e+02, 0.000000e+00, 0.000000e+00, 0.000000e+00, 2.329092e-01, 0.000000e+00
77.955912, 3.515911e-02, 0.000000e+00, 3.039750e+03, 3.000000e+02, 0.000000e+00, 0.000000e+00, 0.000000e+00, 2.329092e-01, 0.000000e+00
78.156313, 3.515911e-02, 0.000000e+00, 3.039750e+03, 3.000000e+02, 0.000000e+00, 0.000000e+00, 0.000000e+00, 2.329092e-01, 0.000000e+00
78.356713, 3.515911e-02, 0.000000e+00, 3.039750e+03, 3.000000e+02, 0.000000e+00, 0.000000e+00, 0.000000e+00, 2.329092e-01, 0.000000e+00
78.557114, 3.515911e-02, 0.000000e+00, 3.039750e+03, 3.000000e+02, 0.000000e+00, 0.000000e+00, 0.000000e+00, 2.329092e-01, 0.000000e+00
78.757515, 3.515911e-02, 0.000000e+00, 3.039750e+03, 3.000000e+02, 0.000000e+00, 0.000000e+00, 0.000000e+00, 2.329092e-01, 0.000000e+00
78.957916, 3.515911e-02, 0.000000e+00, 3.039750e+03, 3.000000e+02, 0.000000e+00, 0.000000e+00, 0.000000e+00, 2.329092e-01, 0.000000e+00
79.158317, 3.515911e-02, 0.000000e+00, 3.039750e+03, 3.000000e+02, 0.000000e+00, 0.000000e+00, 0.000000e+00, 2.329092e-01, 0.000000e+00
79.358717, 3.515911e-02, 0.000000e+00, 3.039750e+03, 3.000000e+02, 0.000000e+00, 0.000000e+00, 0.000000e+00, 2.329092e-01, 0.000000e+00
79.559118, 3.515911e-02, 0.000000e+00, 3.039750e+03, 3.000000e+02, 0.000000e+00, 0.000000e+00, 0.000000e+00, 2.329092e-01, 0.000000e+00
79.759519, 3.515911e-02, 0.000000e+00, 3.039750e+03, 3.000000e+02, 0.000000e+00, 0.000000e+00, 0.000000e+00, 2.329092e-01, 0.000000e+00
79.959920, 3.515911e-02, 0.000000e+00, 3.039750e+03, 3.000000e+02, 0.000000e+00, 0.000000e+00, 0.000000e+00, 2.329092e-01, 0.000000e+00
80.160321, 3.515911e-02, 0.000000e+00, 3.039750e+03, 3.000000e+02, 0.000000e+00, 0.000000e+00, 0.000000e+00, 2.329092e-01, 0.000000e+00
80.360721, 3.515911e-02, 0.000000e+00, 3.039750e+03, 3.000000e+02, 0.000000e+00, 0.000000e+00, 0.000000e+00, 2.329092e-01, 0.000000e+00
80.561122, 3.515911e-02, 0.000000e+00, 3.039750e+03, 3.000000e+02, 0.000000e+00, 0.000000e+00, 0.000000e+00, 2.329092e-01, 0.000000e+00
80.761523, 3.515911e-02, 0.000000e+00, 3.039750e+03, 3.000000e+02, 0.000000e+00, 0.000000e+00, 0.000000e+00, 2.329092e-01, 0.000000e+00
80.961924, 3.515911e-02, 0.000000e+00, 3.039750e+03, 3.000000e+02, 0.000000e+00, 0.000000e+00, 0.000000e+00, 2.329092e-01, 0.000000e+00
81.162325, 3.515911e-02, 0.000000e+00, 3.039750e+03, 3.000000e+02, 0.000000e+00, 0.000000e+00, 0.000000e+00, 2.329092e-01, 0.000000e+00
81.362725, 3.515911e-02, 0.000000e+00, 3.039750e+03, 3.000000e+02, 0.000000e+00, 0.000000e+00, 0.000000e+00, 2.329092e-01, 0.000000e+00
81.563126, 3.515911e-02, 0.000000e+00, 3.039750e+03, 3.000000e+02, 0.000000e+00, 0.000000e+00, 0.000000e+00, 2.329092e-01, 0.000000e+00
81.763527, 3.515911e-02, 0.000000e+00, 3.039750e+03, 3.000000e+02, 0.000000e+00, 0.000000e+00, 0.000000e+00, 2.329092e-01, 0.000000e+00
81.963928, 3.515911e-02, 0.000000e+00, 3.039750e+03, 3.000000e+02, 0.000000e+00, 0.000000e+00, 0.000000e+00, 2.329092e-01, 0.000000e+00
82.164329, 3.515911e-02, 0.000000e+00, 3.039750e+03, 3.000000e+02, 0.000000e+00, 0.000000e+00, 0.000000e+00, 2.329092e-01, 0.000000e+00
82.364729, 3.515911e-02, 0.000000e+00, 3.039750e+03, 3.000000e+02, 0.000000e+00, 0.000000e+00, 0.000000e+00, 2.329092e-01, 0.000000e+00
82.565130, 3.515911e-02, 0.000000e+00, 3.039750e+03, 3.000000e+02, 0.000000e+00, 0.000000e+00, 0.000000e+00, 2.329092e-01, 0.000000e+00
82.765531, 3.515911e-02, 0.000000e+00, 3.039750e+03, 3.000000e+02, 0.000000e+00, 0.000000e+00, 0.000000e+00, 2.329092e-01, 0.000000e+00
82.965932, 3.515911e-02, 0.000000e+00, 3.039750e+03, 3.000000e+02, 0.000000e+00, 0.000000e+00, 0.000000e+00, 2.329092e-01, 0.000000e+00
83.166333, 3.515911e-02, 0.000000e+00, 3.039750e+03, 3.000000e+02, 0.000000e+00, 0.000000e+00, 0.000000e+00, 2.329092e-01, 0.000000e+00
83.366733, 3.515911e-02, 0.000000e+00, 3.039750e+03, 3.000000e+02, 0.000000e+00, 0.000000e+00, 0.000000e+00, 2.329092e-01, 0.000000e+00
83.567134, 3.515911e-02, 0.000000e+00, 3.039750e+03, 3.000000e+02, 0.000000e+00, 0.000000e+00, 0.000000e+00, 2.329092e-01, 0.000000e+00
83.767535, 3.515911e-02, 0.000000e+00, 3.039750e+03, 3.000000e+02, 0.000000e+00, 0.000000e+00, 0.000000e+00, 2.329092e-01, 0.000000e+00
83.967936, 3.515911e-02, 0.000000e+00, 3.039750e+03, 3.000000e+02, 0.000000e+00, 0.000000e+00, 0.000000e+00, 2.329092e-01, 0.000000e+00
84.168337, 3.515911e-02, 0.000000e+00, 3.039750e+03, 3.000000e+02, 0.000000e+00, 0.000000e+00, 0.000000e+00, 2.329092e-01, 0.000000e+00
84.368737, 3.515911e-02, 0.000000e+00, 3.039750e+03, 3.000000e+02, 0.000000e+00, 0.000000e+00, 0.000000e+00, 2.329092e-01, 0.000000e+00
84.569138, 3.515911e-02, 0.000000e+00, 3.039750e+03, 3.000000e+02, 0.000000e+00, 0.000000e+00, 0.000000e+00, 2.329092e-01, 0.000000e+00
84.769539, 3.515911e-02, 0.000000e+00, 3.039750e+03, 3.000000e+02, 0.000000e+00, 0.000000e+00, 0.000000e+00, 2.329092e-01, 0.000000e+00
84.969940, 3.515911e-02, 0.000000e+00, 3.039750e+03, 3.000000e+02, 0.000000e+00, 0.000000e+00, 0.000000e+00, 2.329092e-01, 0.000000e+00
85.170341, 3.515911e-02, 0.000000e+00, 3.039750e+03, 3.000000e+02, 0.000000e+00, 0.000000e+00, 0.000000e+00, 2.329092e-01, 0.000000e+00
85.370741, 3.515911e-02, 0.000000e+00, 3.039750e+03, 3.000000e+02, 0.000000e+00, 0.000000e+00, 0.000000e+00, 2.329092e-01, 0.000000e+00
85.571142, 3.515911e-02, 0.000000e+00, 3.039750e+03, 3.000000e+02, 0.000000e+00, 0.000000e+00, 0.000000e+00, 2.329092e-01, 0.000000e+00
85.771543, 3.515911e-02, 0.000000e+00, 3.039750e+03, 3.000000e+02, 0.000000e+00, 0.000000e+00, 0.000000e+00, 2.329092e-01, 0.000000e+00
85.971944, 3.515911e-02, 0.000000e+00, 3.039750e+03, 3.000000e+02, 0.000000e+00, 0.000000e+00, 0.000000e+00, 2.329092e-01, 0.000000e+00
86.172345, 3.515911e-02, 0.000000e+00, 3.039750e+03, 3.000000e+02, 0.000000e+00, 0.000000e+00, 0.000000e+00, 2.329092e-01, 0.000000e+00
86.372745, 3.515911e-02, 0.000000e+00, 3.039750e+03, 3.000000e+02, 0.000000e+00, 0.000000e+00, 0.000000e+00, 2.329092e-01, 0.000000e+00
86.573146, 3.515911e-02, 0.000000e+00, 3.039750e+03, 3.000000e+02, 0.000000e+00, 0.000000e+00, 0.000000e+00, 2.329092e-01, 0.000000e+00
86.773547, 3.515911e-02, 0.000000e+00, 3.039750e+03, 3.000000e+02, 0.000000e+00, 0.000000e+00, 0.000000e+00, 2.329092e-01, 0.000000e+00
86.973948, 3.515911e-02, 0.000000e+00, 3.039750e+03, 3.000000e+02, 0.000000e+00, 0.000000e+00, 0.000000e+00, 2.329092e-01, 0.000000e+00
87.174349, 3.515911e-02, 0.000000e+00, 3.039750e+03, 3.000000e+02, 0.000000e+00, 0.000000e+00, 0.000000e+00, 2.329092e-01, 0.000000e+00
87.374749, 3.515911e-02, 0.000000e+00, 3.039750e+03, 3.000000e+02, 0.000000e+00, 0.000000e+00, 0.000000e+00, 2.329092e-01, 0.000000e+00
87.575150, 3.515911e-02, 0.000000e+00, 3.039750e+03, 3.000000e+02, 0.000000e+00, 0.000000e+00, 0.000000e+00, 2.329092e-01, 0.000000e+00
87.775551, 3.515911e-02, 0.000000e+00, 3.039750e+03, 3.000000e+02, 0.000000e+00, 0.000000e+00, 0.000000e+00, 2.329092e-01, 0.000000e+00
87.975952, 3.515911e-02, 0.000000e+00, 3.039750e+03, 3.000000e+02, 0.000000e+00, 0.000000e+00, 0.000000e+00, 2.329092e-01, 0.000000e+00
88.176353, 3.515911e-02, 0.000000e+00, 3.039750e+03, 3.000000e+02, 0.000000e+00, 0.000000e+00, 0.000000e+00, 2.329092e-01, 0.000000e+00
88.376754, 3.515911e-02, 0.000000e+00, 3.039750e+03, 3.000000e+02, 0.000000e+00, 0.000000e+00, 0.000000e+00, 2.329092e-01, 0.000000e+00
88.577154, 3.515911e-02, 0.000000e+00, 3.039750e+03, 3.000000e+02, 0.000000e+00, 0.000000e+00, 0.000000e+00, 2.329092e-01, 0.000000e+00
88.777555, 3.515911e-02, 0.000000e+00, 3.039750e+03, 3.000000e+02, 0.000000e+00, 0.000000e+00, 0.000000e+00, 2.329092e-01, 0.000000e+00
88.977956, 3.515911e-02, 0.000000e+00, 3.039750e+03, 3.000000e+02, 0.000000e+00, 0.000000e+00, 0.000000e+00, 2.329092e-01, 0.000000e+00
89.178357, 3.515911e-02, 0.000000e+00, 3.039750e+03, 3.000000e+02, 0.000000e+00, 0.000000e+00, 0.000000e+00, 2.329092e-01, 0.000000e+00
89.378758, 3.515911e-02, 0.000000e+00, 3.039750e+03, 3.000000e+02, 0.000000e+00, 0.000000e+00, 0.000000e+00, 2.329092e-01, 0.000000e+00
89.579158, 3.515911e-02, 0.000000e+00, 3.039750e+03, 3.000000e+02, 0.000000e+00, 0.000000e+00, 0.000000e+00, 2.329092e-01, 0.000000e+00
89.779559, 3.515911e-02, 0.000000e+00, 3.039750e+03, 3.000000e+02, 0.000000e+00, 0.000000e+00, 0.000000e+00, 2.329092e-01, 0.000000e+00
89.979960, 3.515911e-02, 0.000000e+00, 3.039750e+03, 3.000000e+02, 0.000000e+00, 0.000000e+00, 0.000000e+00, 2.329092e-01, 0.000000e+00
90.180361, 3.515911e-02, 0.000000e+00, 3.039750e+03, 3.000000e+02, 0.000000e+00, 0.000000e+00, 0.000000e+00, 2.329092e-01, 0.000000e+00
90.380762, 3.515911e-02, 0.000000e+00, 3.039750e+03, 3.000000e+02, 0.000000e+00, 0.000000e+00, 0.000000e+00, 2.329092e-01, 0.000000e+00
90.581162, 3.515911e-02, 0.000000e+00, 3.039750e+03, 3.000000e+02, 0.000000e+00, 0.000000e+00, 0.000000e+00, 2.329092e-01, 0.000000e+00
90.781563, 3.515911e-02, 0.000000e+00, 3.039750e+03, 3.000000e+02, 0.000000e+00, 0.000000e+00, 0.000000e+00, 2.329092e-01, 0.000000e+00
90.981964, 3.515911e-02, 0.000000e+00, 3.039750e+03, 3.000000e+02, 0.000000e+00, 0.000000e+00, 0.000000e+00, 2.329092e-01, 0.000000e+00
91.182365, 3.515911e-02, 0.000000e+00, 3.039750e+03, 3.000000e+02, 0.000000e+00, 0.000000e+00, 0.000000e+00, 2.329092e-01, 0.000000e+00
91.382766, 3.515911e-02, 0.000000e+00, 3.039750e+03, 3.000000e+02, 0.000000e+00, 0.000000e+00, 0.000000e+00, 2.329092e-01, 0.000000e+00
91.583166, 3.515911e-02, 0.000000e+00, 3.039750e+03, 3.000000e+02, 0.000000e+00, 0.000000e+00, 0.000000e+00, 2.329092e-01, 0.000000e+00
91.783567, 3.515911e-02, 0.000000e+00, 3.039750e+03, 3.000000e+02, 0.000000e+00, 0.000000e+00, 0.000000e+00, 2.329092e-01, 0.000000e+00
91.983968, 3.515911e-02, 0.000000e+00, 3.039750e+03, 3.000000e+02, 0.000000e+00, 0.000000e+00, 0.000000e+00, 2.329092e-01, 0.000000e+00
92.184369, 3.515911e-02, 0.000000e+00, 3.039750e+03, 3.000000e+02, 0.000000e+00, 0.000000e+00, 0.000000e+00, 2.329092e-01, 0.000000e+00
92.384770, 3.515911e-02, 0.000000e+00, 3.039750e+03, 3.000000e+02, 0.000000e+00, 0.000000e+00, 0.000000e+00, 2.329092e-01, 0.000000e+00
92.585170, 3.515911e-02, 0.000000e+00, 3.039750e+03, 3.000000e+02, 0.000000e+00, 0.000000e+00, 0.000000e+00, 2.329092e-01, 0.000000e+00
92.785571, 3.515911e-02, 0.000000e+00, 3.039750e+03, 3.000000e+02, 0.000000e+00, 0.000000e+00, 0.000000e+00, 2.329092e-01, 0.000000e+00
92.985972, 3.515911e-02, 0.000000e+00, 3.039750e+03, 3.000000e+02, 0.000000e+00, 0.000000e+00, 0.000000e+00, 2.329092e-01, 0.000000e+00
93.186373, 3.515911e-02, 0.000000e+00, 3.039750e+03, 3.000000e+02, 0.000000e+00, 0.000000e+00, 0.000000e+00, 2.329092e-01, 0.000000e+00
93.386774, 3.515911e-02, 0.000000e+00, 3.039750e+03, 3.000000e+02, 0.000000e+00, 0.000000e+00, 0.000000e+00, 2.329092e-01, 0.000000e+00
93.587174, 3.515911e-02, 0.000000e+00, 3.039750e+03, 3.000000e+02, 0.000000e+00, 0.000000e+00, 0.000000e+00, 2.329092e-01, 0.000000e+00
93.787575, 3.515911e-02, 0.000000e+00, 3.039750e+03, 3.000000e+02, 0.000000e+00, 0.000000e+00, 0.000000e+00, 2.329092e-01, 0.000000e+00
93.987976, 3.515911e-02, 0.000000e+00, 3.039750e+03, 3.000000e+02, 0.000000e+00, 0.000000e+00, 0.000000e+00, 2.329092e-01, 0.000000e+00
94.188377, 3.515911e-02, 0.000000e+00, 3.039750e+03, 3.000000e+02, 0.000000e+00, 0.000000e+00, 0.000000e+00, 2.329092e-01, 0.000000e+00
94.388778, 3.515911e-02, 0.000000e+00, 3.039750e+03, 3.000000e+02, 0.000000e+00, 0.000000e+00, 0.000000e+00, 2.329092e-01, 0.000000e+00
94.589178, 3.515911e-02, 0.000000e+00, 3.039750e+03, 3.000000e+02, 0.000000e+00, 0.000000e+00, 0.000000e+00, 2.329092e-01, 0.000000e+00
94.789579, 3.515911e-02, 0.000000e+00, 3.039750e+03, 3.000000e+02, 0.000000e+00, 0.000000e+00, 0.000000e+00, 2.329092e-01, 0.000000e+00
94.989980, 3.515911e-02, 0.000000e+00, 3.039750e+03, 3.000000e+02, 0.000000e+00, 0.000000e+00, 0.000000e+00, 2.329092e-01, 0.000000e+00
95.190381, 3.515911e-02, 0.000000e+00, 3.039750e+03, 3.000000e+02, 0.000000e+00, 0.000000e+00, 0.000000e+00, 2.329092e-01, 0.000000e+00
95.390782, 3.515911e-02, 0.000000e+00, 3.039750e+03, 3.000000e+02, 0.000000e+00, 0.000000e+00, 0.000000e+00, 2.329092e-01, 0.000000e+00
95.591182, 3.515911e-02, 0.000000e+00, 3.039750e+03, 3.000000e+02, 0.000000e+00, 0.000000e+00, 0.000000e+00, 2.329092e-01, 0.000000e+00
95.791583, 3.515911e-02, 0.000000e+00, 3.039750e+03, 3.000000e+02, 0.000000e+00, 0.000000e+00, 0.000000e+00, 2.329092e-01, 0.000000e+00
95.991984, 3.515911e-02, 0.000000e+00, 3.039750e+03, 3.000000e+02, 0.000000e+00, 0.000000e+00, 0.000000e+00, 2.329092e-01, 0.000000e+00
96.192385, 3.515911e-02, 0.000000e+00, 3.039750e+03, 3.000000e+02, 0.000000e+00, 0.000000e+00, 0.000000e+00, 2.329092e-01, 0.000000e+00
96.392786, 3.515911e-02, 0.000000e+00, 3.039750e+03, 3.000000e+02, 0.000000e+00, 0.000000e+00, 0.000000e+00, 2.329092e-01, 0.000000e+00
96.593186, 3.515911e-02, 0.000000e+00, 3.039750e+03, 3.000000e+02, 0.000000e+00, 0.000000e+00, 0.000000e+00, 2.329092e-01, 0.000000e+00
96.793587, 3.515911e-02, 0.000000e+00, 3.039750e+03, 3.000000e+02, 0.000000e+00, 0.000000e+00, 0.000000e+00, 2.329092e-01, 0.000000e+00
96.993988, 3.515911e-02, 0.000000e+00, 3.039750e+03, 3.000000e+02, 0.000000e+00, 0.000000e+00, 0.000000e+00, 2.329092e-01, 0.000000e+00
97.194389, 3.515911e-02, 0.000000e+00, 3.039750e+03, 3.000000e+02, 0.000000e+00, 0.000000e+00, 0.000000e+00, 2.329092e-01, 0.000000e+00
97.394790, 3.515911e-02, 0.000000e+00, 3.039750e+03, 3.000000e+02, 0.000000e+00, 0.000000e+00, 0.000000e+00, 2.329092e-01, 0.000000e+00
97.595190, 3.515911e-02, 0.000000e+00, 3.039750e+03, 3.000000e+02, 0.000000e+00, 0.000000e+00, 0.000000e+00, 2.329092e-01, 0.000000e+00
97.795591, 3.515911e-02, 0.000000e+00, 3.039750e+03, 3.000000e+02, 0.000000e+00, 0.000000e+00, 0.000000e+00, 2.329092e-01, 0.000000e+00
97.995992, 3.515911e-02, 0.000000e+00, 3.039750e+03, 3.000000e+02, 0.000000e+00, 0.000000e+00, 0.000000e+00, 2.329092e-01, 0.000000e+00
98.196393, 3.515911e-02, 0.000000e+00, 3.039750e+03, 3.000000e+02, 0.000000e+00, 0.000000e+00, 0.000000e+00, 2.329092e-01, 0.000000e+00
98.396794, 3.515911e-02, 0.000000e+00, 3.039750e+03, 3.000000e+02, 0.000000e+00, 0.000000e+00, 0.000000e+00, 2.329092e-01, 0.000000e+00
98.597194, 3.515911e-02, 0.000000e+00, 3.039750e+03, 3.000000e+02, 0.000000e+00, 0.000000e+00, 0.000000e+00, 2.329092e-01, 0.000000e+00
98.797595, 3.515911e-02, 0.000000e+00, 3.039750e+03, 3.000000e+02, 0.000000e+00, 0.000000e+00, 0.000000e+00, 2.329092e-01, 0.000000e+00
98.997996, 3.515911e-02, 0.000000e+00, 3.039750e+03, 3.000000e+02, 0.000000e+00, 0.000000e+00, 0.000000e+00, 2.329092e-01, 0.000000e+00
99.198397, 3.515911e-02, 0.000000e+00, 3.039750e+03, 3.000000e+02, 0.000000e+00, 0.000000e+00, 0.000000e+00, 2.329092e-01, 0.000000e+00
99.398798, 3.515911e-02, 0.000000e+00, 3.039750e+03, 3.000000e+02, 0.000000e+00, 0.000000e+00, 0.000000e+00, 2.329092e-01, 0.000000e+00
99.599198, 3.515911e-02, 0.000000e+00, 3.039750e+03, 3.000000e+02, 0.000000e+00, 0.000000e+00, 0.000000e+00, 2.329092e-01, 0.000000e+00
99.799599, 3.515911e-02, 0.000000e+00, 3.039750e+03, 3.000000e+02, 0.000000e+00, 0.000000e+00, 0.000000e+00, 2.329092e-01, 0.000000e+00
100.000000, 3.515911e-02, 0.000000e+00, 3.039750e+03, 3.000000e+02, 0.000000e+00, 0.000000e+00, 0.000000e+00, 2.329092e-01, 0.000000e+00
