# 时间 t = 0.002019 s
# 列: x(m), rho(kg/m3), u(m/s), p(Pa), T(K), Y_H2, Y_H, Y_O, Y_O2, Y_OH
0.000000, 1.274208e+01, 0.000000e+00, 3.039750e+06, 6.000000e+02, 2.852239e-02, 9.578767e-22, 2.662151e-22, 2.263540e-01, 1.911030e-23
0.200401, 1.274208e+01, 0.000000e+00, 3.039750e+06, 6.000000e+02, 2.852239e-02, 9.578767e-22, 2.662151e-22, 2.263540e-01, 1.911030e-23
0.400802, 1.274208e+01, 0.000000e+00, 3.039750e+06, 6.000000e+02, 2.852239e-02, 9.578767e-22, 2.662151e-22, 2.263540e-01, 1.911030e-23
0.601202, 1.274208e+01, 0.000000e+00, 3.039750e+06, 6.000000e+02, 2.852239e-02, 9.578767e-22, 2.662151e-22, 2.263540e-01, 1.911030e-23
0.801603, 1.274208e+01, 0.000000e+00, 3.039750e+06, 6.000000e+02, 2.852239e-02, 9.578767e-22, 2.662151e-22, 2.263540e-01, 1.911030e-23
1.002004, 1.274208e+01, 0.000000e+00, 3.039750e+06, 6.000000e+02, 2.852239e-02, 9.578767e-22, 2.662151e-22, 2.263540e-01, 1.911030e-23
1.202405, 1.274208e+01, 0.000000e+00, 3.039750e+06, 6.000000e+02, 2.852239e-02, 9.578767e-22, 2.662151e-22, 2.263540e-01, 1.911030e-23
1.402806, 1.274208e+01, 0.000000e+00, 3.039750e+06, 6.000000e+02, 2.852239e-02, 9.578767e-22, 2.662151e-22, 2.263540e-01, 1.911030e-23
1.603206, 1.274208e+01, 0.000000e+00, 3.039750e+06, 6.000000e+02, 2.852239e-02, 9.578767e-22, 2.662151e-22, 2.263540e-01, 1.911030e-23
1.803607, 1.274208e+01, 0.000000e+00, 3.039750e+06, 6.000000e+02, 2.852239e-02, 9.578767e-22, 2.662151e-22, 2.263540e-01, 1.911030e-23
2.004008, 1.274208e+01, 0.000000e+00, 3.039750e+06, 6.000000e+02, 2.852239e-02, 9.578767e-22, 2.662151e-22, 2.263540e-01, 1.911030e-23
2.204409, 1.274208e+01, 0.000000e+00, 3.039750e+06, 6.000000e+02, 2.852239e-02, 9.578767e-22, 2.662151e-22, 2.263540e-01, 1.911030e-23
2.404810, 1.274208e+01, 0.000000e+00, 3.039750e+06, 6.000000e+02, 2.852239e-02, 9.578767e-22, 2.662151e-22, 2.263540e-01, 1.911030e-23
2.605210, 1.274208e+01, 0.000000e+00, 3.039750e+06, 6.000000e+02, 2.852239e-02, 9.578767e-22, 2.662151e-22, 2.263540e-01, 1.911030e-23
2.805611, 1.274208e+01, 0.000000e+00, 3.039750e+06, 6.000000e+02, 2.852239e-02, 9.578767e-22, 2.662151e-22, 2.263540e-01, 1.911030e-23
3.006012, 1.274208e+01, 0.000000e+00, 3.039750e+06, 6.000000e+02, 2.852239e-02, 9.578767e-22, 2.662151e-22, 2.263540e-01, 1.911030e-23
3.206413, 1.274208e+01, 0.000000e+00, 3.039750e+06, 6.000000e+02, 2.852239e-02, 9.578767e-22, 2.662151e-22, 2.263540e-01, 1.911030e-23
3.406814, 1.274208e+01, 0.000000e+00, 3.039750e+06, 6.000000e+02, 2.852239e-02, 9.578767e-22, 2.662151e-22, 2.263540e-01, 1.911030e-23
3.607214, 1.274208e+01, 0.000000e+00, 3.039750e+06, 6.000000e+02, 2.852239e-02, 9.578767e-22, 2.662151e-22, 2.263540e-01, 1.911030e-23
3.807615, 1.274208e+01, 0.000000e+00, 3.039750e+06, 6.000000e+02, 2.852239e-02, 9.578767e-22, 2.662151e-22, 2.263540e-01, 1.911030e-23
4.008016, 1.274208e+01, 0.000000e+00, 3.039750e+06, 6.000000e+02, 2.852239e-02, 9.578767e-22, 2.662151e-22, 2.263540e-01, 1.911030e-23
4.208417, 1.274208e+01, 0.000000e+00, 3.039750e+06, 6.000000e+02, 2.852239e-02, 9.578767e-22, 2.662151e-22, 2.263540e-01, 1.911030e-23
4.408818, 1.274208e+01, 0.000000e+00, 3.039750e+06, 6.000000e+02, 2.852239e-02, 9.578767e-22, 2.662151e-22, 2.263540e-01, 1.911030e-23
4.609218, 1.274208e+01, 0.000000e+00, 3.039750e+06, 6.000000e+02, 2.852239e-02, 9.578767e-22, 2.662151e-22, 2.263540e-01, 1.911030e-23
4.809619, 1.274208e+01, 0.000000e+00, 3.039750e+06, 6.000000e+02, 2.852239e-02, 9.578767e-22, 2.662151e-22, 2.263540e-01, 1.911030e-23
5.010020, 1.274208e+01, 0.000000e+00, 3.039750e+06, 6.000000e+02, 2.852239e-02, 9.578767e-22, 2.662151e-22, 2.263540e-01, 1.911030e-23
5.210421, 1.274208e+01, 0.000000e+00, 3.039750e+06, 6.000000e+02, 2.852239e-02, 9.578767e-22, 2.662151e-22, 2.263540e-01, 1.911030e-23
5.410822, 1.274208e+01, 0.000000e+00, 3.039750e+06, 6.000000e+02, 2.852239e-02, 9.578767e-22, 2.662151e-22, 2.263540e-01, 1.911030e-23
5.611222, 1.274208e+01, 0.000000e+00, 3.039750e+06, 6.000000e+02, 2.852239e-02, 9.578767e-22, 2.662151e-22, 2.263540e-01, 1.911030e-23
5.811623, 1.274208e+01, 0.000000e+00, 3.039750e+06, 6.000000e+02, 2.852239e-02, 9.578767e-22, 2.662151e-22, 2.263540e-01, 1.911030e-23
6.012024, 1.274208e+01, 0.000000e+00, 3.039750e+06, 6.000000e+02, 2.852239e-02, 9.578767e-22, 2.662151e-22, 2.263540e-01, 1.911030e-23
6.212425, 1.274208e+01, 0.000000e+00, 3.039750e+06, 6.000000e+02, 2.852239e-02, 9.578767e-22, 2.662151e-22, 2.263540e-01, 1.911030e-23
6.412826, 1.274208e+01, 0.000000e+00, 3.039750e+06, 6.000000e+02, 2.852239e-02, 9.578767e-22, 2.662151e-22, 2.263540e-01, 1.911030e-23
6.613226, 1.274208e+01, 0.000000e+00, 3.039750e+06, 6.000000e+02, 2.852239e-02, 9.578767e-22, 2.662151e-22, 2.263540e-01, 1.911030e-23
6.813627, 1.274208e+01, 0.000000e+00, 3.039750e+06, 6.000000e+02, 2.852239e-02, 9.578767e-22, 2.662151e-22, 2.263540e-01, 1.911030e-23
7.014028, 1.274208e+01, 0.000000e+00, 3.039750e+06, 6.000000e+02, 2.852239e-02, 9.578767e-22, 2.662151e-22, 2.263540e-01, 1.911030e-23
7.214429, 1.274208e+01, 0.000000e+00, 3.039750e+06, 6.000000e+02, 2.852239e-02, 9.578767e-22, 2.662151e-22, 2.263540e-01, 1.911030e-23
7.414830, 1.274208e+01, 0.000000e+00, 3.039750e+06, 6.000000e+02, 2.852239e-02, 9.578767e-22, 2.662151e-22, 2.263540e-01, 1.911030e-23
7.615230, 1.274208e+01, 0.000000e+00, 3.039750e+06, 6.000000e+02, 2.852239e-02, 9.578767e-22, 2.662151e-22, 2.263540e-01, 1.911030e-23
7.815631, 1.274208e+01, 0.000000e+00, 3.039750e+06, 6.000000e+02, 2.852239e-02, 9.578767e-22, 2.662151e-22, 2.263540e-01, 1.911030e-23
8.016032, 1.274208e+01, 0.000000e+00, 3.039750e+06, 6.000000e+02, 2.852239e-02, 9.578767e-22, 2.662151e-22, 2.263540e-01, 1.911030e-23
8.216433, 1.274208e+01, 0.000000e+00, 3.039750e+06, 6.000000e+02, 2.852239e-02, 9.578767e-22, 2.662151e-22, 2.263540e-01, 1.911030e-23
8.416834, 1.274208e+01, 0.000000e+00, 3.039750e+06, 6.000000e+02, 2.852239e-02, 9.578767e-22, 2.662151e-22, 2.263540e-01, 1.911030e-23
8.617234, 1.274208e+01, 0.000000e+00, 3.039750e+06, 6.000000e+02, 2.852239e-02, 9.578767e-22, 2.662151e-22, 2.263540e-01, 1.911030e-23
8.817635, 1.274208e+01, 0.000000e+00, 3.039750e+06, 6.000000e+02, 2.852239e-02, 9.578767e-22, 2.662151e-22, 2.263540e-01, 1.911030e-23
9.018036, 1.274208e+01, 0.000000e+00, 3.039750e+06, 6.000000e+02, 2.852239e-02, 9.578767e-22, 2.662151e-22, 2.263540e-01, 1.911030e-23
9.218437, 1.274208e+01, 0.000000e+00, 3.039750e+06, 6.000000e+02, 2.852239e-02, 9.578767e-22, 2.662151e-22, 2.263540e-01, 1.911030e-23
9.418838, 1.274208e+01, 0.000000e+00, 3.039750e+06, 6.000000e+02, 2.852239e-02, 9.578767e-22, 2.662151e-22, 2.263540e-01, 1.911030e-23
9.619238, 1.274208e+01, 0.000000e+00, 3.039750e+06, 6.000000e+02, 2.852239e-02, 9.578767e-22, 2.662151e-22, 2.263540e-01, 1.911030e-23
9.819639, 1.274208e+01, 0.000000e+00, 3.039750e+06, 6.000000e+02, 2.852239e-02, 9.578767e-22, 2.662151e-22, 2.263540e-01, 1.911030e-23
10.020040, 1.274208e+01, 0.000000e+00, 3.039750e+06, 6.000000e+02, 2.852239e-02, 9.578767e-22, 2.662151e-22, 2.263540e-01, 1.911030e-23
10.220441, 1.274208e+01, 0.000000e+00, 3.039750e+06, 6.000000e+02, 2.852239e-02, 9.578767e-22, 2.662151e-22, 2.263540e-01, 1.911030e-23
10.420842, 1.274208e+01, 0.000000e+00, 3.039750e+06, 6.000000e+02, 2.852239e-02, 9.578767e-22, 2.662151e-22, 2.263540e-01, 1.911030e-23
10.621242, 1.274208e+01, 0.000000e+00, 3.039750e+06, 6.000000e+02, 2.852239e-02, 9.578767e-22, 2.662151e-22, 2.263540e-01, 1.911030e-23
10.821643, 1.274208e+01, 0.000000e+00, 3.039750e+06, 6.000000e+02, 2.852239e-02, 9.578767e-22, 2.662151e-22, 2.263540e-01, 1.911030e-23
11.022044, 1.274208e+01, 0.000000e+00, 3.039750e+06, 6.000000e+02, 2.852239e-02, 9.578767e-22, 2.662151e-22, 2.263540e-01, 1.911030e-23
11.222445, 1.274208e+01, 0.000000e+00, 3.039750e+06, 6.000000e+02, 2.852239e-02, 9.578767e-22, 2.662151e-22, 2.263540e-01, 1.911030e-23
11.422846, 1.274208e+01, 0.000000e+00, 3.039750e+06, 6.000000e+02, 2.852239e-02, 9.578767e-22, 2.662151e-22, 2.263540e-01, 1.911030e-23
11.623246, 1.274208e+01, 0.000000e+00, 3.039750e+06, 6.000000e+02, 2.852239e-02, 9.578767e-22, 2.662151e-22, 2.263540e-01, 1.911030e-23
11.823647, 1.274208e+01, 0.000000e+00, 3.039750e+06, 6.000000e+02, 2.852239e-02, 9.578767e-22, 2.662151e-22, 2.263540e-01, 1.911030e-23
12.024048, 1.274208e+01, 0.000000e+00, 3.039750e+06, 6.000000e+02, 2.852239e-02, 9.578767e-22, 2.662151e-22, 2.263540e-01, 1.911030e-23
12.224449, 1.274208e+01, 0.000000e+00, 3.039750e+06, 6.000000e+02, 2.852239e-02, 9.578767e-22, 2.662151e-22, 2.263540e-01, 1.911030e-23
12.424850, 1.274208e+01, 0.000000e+00, 3.039750e+06, 6.000000e+02, 2.852239e-02, 9.578767e-22, 2.662151e-22, 2.263540e-01, 1.911030e-23
12.625251, 1.274208e+01, 0.000000e+00, 3.039750e+06, 6.000000e+02, 2.852239e-02, 9.578767e-22, 2.662151e-22, 2.263540e-01, 1.911030e-23
12.825651, 1.274208e+01, 0.000000e+00, 3.039750e+06, 6.000000e+02, 2.852239e-02, 9.578767e-22, 2.662151e-22, 2.263540e-01, 1.911030e-23
13.026052, 1.274208e+01, 0.000000e+00, 3.039750e+06, 6.000000e+02, 2.852239e-02, 9.578767e-22, 2.662151e-22, 2.263540e-01, 1.911030e-23
13.226453, 1.274208e+01, 0.000000e+00, 3.039750e+06, 6.000000e+02, 2.852239e-02, 9.578767e-22, 2.662151e-22, 2.263540e-01, 1.911030e-23
13.426854, 1.274208e+01, 0.000000e+00, 3.039750e+06, 6.000000e+02, 2.852239e-02, 9.578767e-22, 2.662151e-22, 2.263540e-01, 1.911030e-23
13.627255, 1.274208e+01, 0.000000e+00, 3.039750e+06, 6.000000e+02, 2.852239e-02, 9.578767e-22, 2.662151e-22, 2.263540e-01, 1.911030e-23
13.827655, 1.274208e+01, 0.000000e+00, 3.039750e+06, 6.000000e+02, 2.852239e-02, 9.578767e-22, 2.662151e-22, 2.263540e-01, 1.911030e-23
14.028056, 1.274208e+01, 0.000000e+00, 3.039750e+06, 6.000000e+02, 2.852239e-02, 9.578767e-22, 2.662151e-22, 2.263540e-01, 1.911030e-23
14.228457, 1.274208e+01, 0.000000e+00, 3.039750e+06, 6.000000e+02, 2.852239e-02, 9.578767e-22, 2.662151e-22, 2.263540e-01, 1.911030e-23
14.428858, 1.274208e+01, 0.000000e+00, 3.039750e+06, 6.000000e+02, 2.852239e-02, 9.578767e-22, 2.662151e-22, 2.263540e-01, 1.911030e-23
14.629259, 1.274208e+01, 0.000000e+00, 3.039750e+06, 6.000000e+02, 2.852239e-02, 9.578767e-22, 2.662151e-22, 2.263540e-01, 1.911030e-23
14.829659, 1.274208e+01, 0.000000e+00, 3.039750e+06, 6.000000e+02, 2.852239e-02, 9.578767e-22, 2.662151e-22, 2.263540e-01, 1.911030e-23
15.030060, 1.274208e+01, 0.000000e+00, 3.039750e+06, 6.000000e+02, 2.852239e-02, 9.578767e-22, 2.662151e-22, 2.263540e-01, 1.911030e-23
15.230461, 1.274208e+01, 0.000000e+00, 3.039750e+06, 6.000000e+02, 2.852239e-02, 9.578767e-22, 2.662151e-22, 2.263540e-01, 1.911030e-23
15.430862, 1.274208e+01, 0.000000e+00, 3.039750e+06, 6.000000e+02, 2.852239e-02, 9.578767e-22, 2.662151e-22, 2.263540e-01, 1.911030e-23
15.631263, 1.274208e+01, 0.000000e+00, 3.039750e+06, 6.000000e+02, 2.852239e-02, 9.578767e-22, 2.662151e-22, 2.263540e-01, 1.911030e-23
15.831663, 1.274208e+01, 0.000000e+00, 3.039750e+06, 6.000000e+02, 2.852239e-02, 9.578767e-22, 2.662151e-22, 2.263540e-01, 1.911030e-23
16.032064, 1.274208e+01, 0.000000e+00, 3.039750e+06, 6.000000e+02, 2.852239e-02, 9.578767e-22, 2.662151e-22, 2.263540e-01, 1.911030e-23
16.232465, 1.274208e+01, 0.000000e+00, 3.039750e+06, 6.000000e+02, 2.852239e-02, 9.578767e-22, 2.662151e-22, 2.263540e-01, 1.911030e-23
16.432866, 1.274208e+01, 0.000000e+00, 3.039750e+06, 6.000000e+02, 2.852239e-02, 9.578767e-22, 2.662151e-22, 2.263540e-01, 1.911030e-23
16.633267, 1.274208e+01, 0.000000e+00, 3.039750e+06, 6.000000e+02, 2.852239e-02, 9.578767e-22, 2.662151e-22, 2.263540e-01, 1.911030e-23
16.833667, 1.274208e+01, -3.715624e-15, 3.039750e+06, 6.000000e+02, 2.852239e-02, 9.578767e-22, 2.662151e-22, 2.263540e-01, 1.911030e-23
17.034068, 1.274208e+01, -1.487764e-13, 3.039750e+06, 6.000000e+02, 2.852239e-02, 9.578767e-22, 2.662151e-22, 2.263540e-01, 1.911030e-23
17.234469, 1.274208e+01, -1.194529e-12, 3.039750e+06, 6.000000e+02, 2.852239e-02, 9.578767e-22, 2.662151e-22, 2.263540e-01, 1.911030e-23
17.434870, 1.274208e+01, -9.405201e-12, 3.039750e+06, 6.000000e+02, 2.852239e-02, 9.578767e-22, 2.662151e-22, 2.263540e-01, 1.911030e-23
17.635271, 1.274208e+01, -7.324654e-11, 3.039750e+06, 6.000000e+02, 2.852239e-02, 9.578767e-22, 2.662151e-22, 2.263540e-01, 1.911030e-23
17.835671, 1.274208e+01, -5.498528e-10, 3.039750e+06, 6.000000e+02, 2.852239e-02, 9.578767e-22, 2.662151e-22, 2.263540e-01, 1.911030e-23
18.036072, 1.274208e+01, -3.915384e-09, 3.039750e+06, 6.000000e+02, 2.852239e-02, 9.578767e-22, 2.662151e-22, 2.263540e-01, 1.911030e-23
18.236473, 1.274208e+01, -2.639654e-08, 3.039750e+06, 6.000000e+02, 2.852239e-02, 9.578767e-22, 2.662151e-22, 2.263540e-01, 1.911030e-23
18.436874, 1.274208e+01, -1.682975e-07, 3.039750e+06, 6.000000e+02, 2.852239e-02, 9.578767e-22, 2.662151e-22, 2.263540e-01, 1.911030e-23
18.637275, 1.274208e+01, -1.013540e-06, 3.039750e+06, 6.000000e+02, 2.852239e-02, 9.578767e-22, 2.662151e-22, 2.263540e-01, 1.911030e-23
18.837675, 1.274208e+01, -5.757575e-06, 3.039750e+06, 6.000000e+02, 2.852239e-02, 9.578767e-22, 2.662151e-22, 2.263540e-01, 1.911030e-23
19.038076, 1.274208e+01, -3.080478e-05, 3.039750e+06, 6.000000e+02, 2.852239e-02, 9.578766e-22, 2.662151e-22, 2.263540e-01, 1.911030e-23
19.238477, 1.274209e+01, -1.549740e-04, 3.039751e+06, 6.000000e+02, 2.852239e-02, 9.578764e-22, 2.662151e-22, 2.263540e-01, 1.911030e-23
19.438878, 1.274210e+01, -7.317750e-04, 3.039754e+06, 6.000000e+02, 2.852239e-02, 9.578754e-22, 2.662148e-22, 2.263540e-01, 1.911028e-23
19.639279, 1.274216e+01, -3.236807e-03, 3.039768e+06, 6.000000e+02, 2.852239e-02, 9.578710e-22, 2.662136e-22, 2.263540e-01, 1.911020e-23
19.839679, 1.274239e+01, -1.338249e-02, 3.039825e+06, 6.000000e+02, 2.852239e-02, 9.578532e-22, 2.662087e-22, 2.263540e-01, 1.910984e-23
20.040080, 1.274329e+01, -5.159390e-02, 3.040039e+06, 6.000000e+02, 2.852239e-02, 9.577858e-22, 2.661902e-22, 2.263540e-01, 1.910851e-23
20.240481, 1.274643e+01, -1.849751e-01, 3.040788e+06, 6.000000e+02, 2.852239e-02, 9.575498e-22, 2.661252e-22, 2.263540e-01, 1.910383e-23
20.440882, 1.275660e+01, -6.146288e-01, 3.043213e+06, 6.000000e+02, 2.852239e-02, 9.567876e-22, 2.659153e-22, 2.263540e-01, 1.908870e-23
20.641283, 1.278677e+01, -1.883673e+00, 3.050410e+06, 6.000000e+02, 2.852239e-02, 9.545327e-22, 2.652934e-22, 2.263540e-01, 1.904471e-23
20.841683, 1.286814e+01, -5.282241e+00, 3.069823e+06, 6.000000e+02, 2.852239e-02, 9.486593e-22, 2.636716e-22, 2.263540e-01, 1.992860e-23
21.042084, 1.306424e+01, -1.336299e+01, 3.116604e+06, 6.000000e+02, 2.852239e-02, 9.873725e-22, 2.744416e-22, 2.263540e-01, 3.789551e-22
21.242485, 1.347452e+01, -2.980949e+01, 3.214480e+06, 6.000000e+02, 2.852237e-02, 6.551454e-21, 1.820426e-21, 2.263539e-01, 4.106386e-20
21.442886, 1.419030e+01, -5.705629e+01, 3.385223e+06, 6.000000e+02, 2.852166e-02, 2.100702e-19, 5.836415e-20, 2.263480e-01, 1.669868e-18
21.643287, 1.518749e+01, -9.216309e+01, 3.622868e+06, 6.000000e+02, 2.850910e-02, 3.130604e-18, 8.706051e-19, 2.262452e-01, 2.835834e-17
21.843687, 1.626776e+01, -1.267265e+02, 3.878260e+06, 6.000000e+02, 2.839817e-02, 2.232368e-17, 6.232044e-18, 2.253384e-01, 2.414543e-16
22.044088, 1.720186e+01, -1.531966e+02, 4.088249e+06, 6.000002e+02, 2.781681e-02, 8.759453e-17, 2.476307e-17, 2.206015e-01, 1.226062e-15
22.244489, 1.795236e+01, -1.709654e+02, 4.219591e+06, 6.000027e+02, 2.574223e-02, 2.242374e-16, 6.552796e-17, 2.037932e-01, 4.234955e-15
22.444890, 1.814027e+01, -1.997387e+02, 4.142208e+06, 6.000398e+02, 2.037982e-02, 5.803247e-16, 2.064476e-16, 1.607214e-01, 1.119476e-14
22.645291, 1.213113e+01, -4.099142e+02, 2.664608e+06, 6.099701e+02, 1.048157e-02, 6.746119e-15, 6.953306e-15, 8.200257e-02, 8.204439e-14
22.845691, 3.637817e+00, -7.931218e+02, 3.091994e+06, 2.496817e+03, 5.804339e-04, 1.562406e-05, 8.661152e-05, 3.418169e-03, 2.599795e-03
23.046092, 3.264643e+00, -7.759614e+02, 3.585735e+06, 3.145781e+03, 2.810566e-03, 3.140740e-04, 2.149002e-03, 1.463897e-02, 1.696945e-02
23.246493, 3.553242e+00, -6.834040e+02, 3.915520e+06, 3.156782e+03, 2.795017e-03, 3.090231e-04, 2.119273e-03, 1.452088e-02, 1.693396e-02
23.446894, 3.852783e+00, -5.924273e+02, 4.257093e+06, 3.166213e+03, 2.774618e-03, 3.030542e-04, 2.082318e-03, 1.438274e-02, 1.685937e-02
23.647295, 4.143156e+00, -5.068621e+02, 4.587977e+06, 3.174079e+03, 2.753290e-03, 2.971242e-04, 2.044774e-03, 1.424526e-02, 1.676989e-02
23.847695, 4.414724e+00, -4.264332e+02, 4.897377e+06, 3.180591e+03, 2.732894e-03, 2.916400e-04, 2.009603e-03, 1.411741e-02, 1.667834e-02
24.048096, 4.660394e+00, -3.497768e+02, 5.177285e+06, 3.185923e+03, 2.714447e-03, 2.868004e-04, 1.978303e-03, 1.400387e-02, 1.659215e-02
24.248497, 4.872679e+00, -2.754421e+02, 5.419191e+06, 3.190175e+03, 2.698663e-03, 2.827361e-04, 1.951867e-03, 1.390790e-02, 1.651649e-02
24.448898, 5.043221e+00, -2.021870e+02, 5.613557e+06, 3.193381e+03, 2.686132e-03, 2.795550e-04, 1.931090e-03, 1.383238e-02, 1.645536e-02
24.649299, 5.163638e+00, -1.290279e+02, 5.750795e+06, 3.195536e+03, 2.677340e-03, 2.773473e-04, 1.916626e-03, 1.377975e-02, 1.641189e-02
24.849699, 5.226935e+00, -5.521209e+01, 5.822888e+06, 3.196613e+03, 2.672642e-03, 2.761799e-04, 1.908948e-03, 1.375188e-02, 1.638825e-02
25.050100, 5.228344e+00, 1.976544e+01, 5.824503e+06, 3.196642e+03, 2.672558e-03, 2.761582e-04, 1.908808e-03, 1.375135e-02, 1.638788e-02
25.250501, 5.165794e+00, 9.598744e+01, 5.753492e+06, 3.195685e+03, 2.677696e-03, 2.774132e-04, 1.917143e-03, 1.378118e-02, 1.641485e-02
25.450902, 5.045411e+00, 1.734375e+02, 5.616469e+06, 3.193619e+03, 2.686889e-03, 2.797035e-04, 1.932217e-03, 1.383565e-02, 1.646126e-02
25.651303, 4.874812e+00, 2.524353e+02, 5.422109e+06, 3.190456e+03, 2.699626e-03, 2.829283e-04, 1.953314e-03, 1.391212e-02, 1.652389e-02
25.851703, 4.662343e+00, 3.335408e+02, 5.179941e+06, 3.186187e+03, 2.715353e-03, 2.869827e-04, 1.979676e-03, 1.400784e-02, 1.659911e-02
26.052104, 4.416031e+00, 4.175958e+02, 4.899125e+06, 3.180761e+03, 2.733462e-03, 2.917550e-04, 2.010470e-03, 1.411989e-02, 1.668273e-02
26.252505, 4.142770e+00, 5.057602e+02, 4.587515e+06, 3.174057e+03, 2.753258e-03, 2.971189e-04, 2.044728e-03, 1.424515e-02, 1.676957e-02
26.452906, 3.848764e+00, 5.993147e+02, 4.252128e+06, 3.165860e+03, 2.773756e-03, 3.028866e-04, 2.081004e-03, 1.437929e-02, 1.685219e-02
26.653307, 3.541836e+00, 6.989231e+02, 3.901729e+06, 3.155871e+03, 2.793183e-03, 3.086810e-04, 2.116503e-03, 1.451406e-02, 1.691782e-02
26.853707, 3.236392e+00, 8.027277e+02, 3.552376e+06, 3.143825e+03, 2.808025e-03, 3.136761e-04, 2.145358e-03, 1.463176e-02, 1.694328e-02
27.054108, 3.482858e+00, 8.436760e+02, 3.032156e+06, 2.554629e+03, 6.991398e-04, 2.213957e-05, 1.259096e-04, 4.068699e-03, 3.244296e-03
27.254509, 1.139866e+01, 4.458289e+02, 2.622093e+06, 6.432729e+02, 9.314497e-03, 2.795631e-14, 2.935113e-14, 7.237479e-02, 6.788974e-13
27.454910, 1.839079e+01, 2.167552e+02, 4.177316e+06, 6.009640e+02, 1.915392e-02, 1.213917e-15, 4.224820e-16, 1.507701e-01, 1.575409e-14
27.655311, 1.856723e+01, 1.824527e+02, 4.345120e+06, 6.000299e+02, 2.492543e-02, 4.117498e-16, 1.185060e-16, 1.971627e-01, 5.615470e-15
27.855711, 1.783847e+01, 1.661606e+02, 4.231275e+06, 6.000017e+02, 2.745108e-02, 1.853268e-16, -1.406799e-16, 2.176222e-01, 1.823181e-15
28.056112, 1.692430e+01, 1.427697e+02, 4.032368e+06, 6.000001e+02, 2.828626e-02, 6.799915e-17, 1.436727e-17, 2.244241e-01, 4.444154e-16
28.256513, 1.583578e+01, 1.108165e+02, 3.777074e+06, 6.000000e+02, 2.848737e-02, 1.484871e-17, 9.509932e-18, 2.260673e-01, 7.227772e-17
28.456914, 1.474549e+01, 7.533995e+01, 3.517626e+06, 6.000000e+02, 2.851933e-02, 1.703368e-18, -1.068948e-18, 2.263289e-01, 6.739960e-18
28.657315, 1.386912e+01, 4.415243e+01, 3.308614e+06, 6.000000e+02, 2.852225e-02, 9.236513e-20, 3.600006e-20, 2.263529e-01, 3.205532e-19
28.857715, 1.329891e+01, 2.242833e+01, 3.172586e+06, 6.000000e+02, 2.852238e-02, 2.960813e-21, 1.130455e-21, 2.263540e-01, 6.570185e-21
29.058116, 1.298865e+01, 1.009391e+01, 3.098571e+06, 6.000000e+02, 2.852239e-02, 9.569759e-22, 2.671217e-22, 2.263540e-01, 7.111645e-23
29.258517, 1.284190e+01, 4.124520e+00, 3.063563e+06, 6.000000e+02, 2.852239e-02, 9.504910e-22, 2.641782e-22, 2.263540e-01, 1.911116e-23
29.458918, 1.277957e+01, 1.558336e+00, 3.048694e+06, 6.000000e+02, 2.852239e-02, 9.550694e-22, 2.654412e-22, 2.263540e-01, 1.905470e-23
29.659319, 1.275527e+01, 5.505916e-01, 3.042896e+06, 6.000000e+02, 2.852239e-02, 9.568872e-22, 2.659426e-22, 2.263540e-01, 1.909067e-23
29.859719, 1.274645e+01, 1.831573e-01, 3.040793e+06, 6.000000e+02, 2.852239e-02, 9.575485e-22, 2.661248e-22, 2.263540e-01, 1.910380e-23
30.060120, 1.274345e+01, 5.761910e-02, 3.040077e+06, 6.000000e+02, 2.852239e-02, 9.577737e-22, 2.661868e-22, 2.263540e-01, 1.910827e-23
30.260521, 1.274249e+01, 1.719837e-02, 3.039847e+06, 6.000000e+02, 2.852239e-02, 9.578460e-22, 2.662067e-22, 2.263540e-01, 1.910970e-23
30.460922, 1.274220e+01, 4.884029e-03, 3.039778e+06, 6.000000e+02, 2.852239e-02, 9.578680e-22, 2.662128e-22, 2.263540e-01, 1.911014e-23
30.661323, 1.274211e+01, 1.322812e-03, 3.039757e+06, 6.000000e+02, 2.852239e-02, 9.578743e-22, 2.662145e-22, 2.263540e-01, 1.911026e-23
30.861723, 1.274209e+01, 3.424639e-04, 3.039752e+06, 6.000000e+02, 2.852239e-02, 9.578761e-22, 2.662150e-22, 2.263540e-01, 1.911030e-23
31.062124, 1.274208e+01, 8.492275e-05, 3.039750e+06, 6.000000e+02, 2.852239e-02, 9.578765e-22, 2.662151e-22, 2.263540e-01, 1.911030e-23
31.262525, 1.274208e+01, 2.020963e-05, 3.039750e+06, 6.000000e+02, 2.852239e-02, 9.578766e-22, 2.662151e-22, 2.263540e-01, 1.911030e-23
31.462926, 1.274208e+01, 4.623735e-06, 3.039750e+06, 6.000000e+02, 2.852239e-02, 9.578767e-22, 2.662151e-22, 2.263540e-01, 1.911030e-23
31.663327, 1.274208e+01, 1.018711e-06, 3.039750e+06, 6.000000e+02, 2.852239e-02, 9.578767e-22, 2.662151e-22, 2.263540e-01, 1.911030e-23
31.863727, 1.274208e+01, 2.164752e-07, 3.039750e+06, 6.000000e+02, 2.852239e-02, 9.578767e-22, 2.662151e-22, 2.263540e-01, 1.911030e-23
32.064128, 1.274208e+01, 4.443203e-08, 3.039750e+06, 6.000000e+02, 2.852239e-02, 9.578767e-22, 2.662151e-22, 2.263540e-01, 1.911030e-23
32.264529, 1.274208e+01, 8.820885e-09, 3.039750e+06, 6.000000e+02, 2.852239e-02, 9.578767e-22, 2.662151e-22, 2.263540e-01, 1.911030e-23
32.464930, 1.274208e+01, 1.695948e-09, 3.039750e+06, 6.000000e+02, 2.852239e-02, 9.578767e-22, 2.662151e-22, 2.263540e-01, 1.911030e-23
32.665331, 1.274208e+01, 3.161982e-10, 3.039750e+06, 6.000000e+02, 2.852239e-02, 9.578767e-22, 2.662151e-22, 2.263540e-01, 1.911030e-23
32.865731, 1.274208e+01, 5.732745e-11, 3.039750e+06, 6.000000e+02, 2.852239e-02, 9.578767e-22, 2.662151e-22, 2.263540e-01, 1.911030e-23
33.066132, 1.274208e+01, 1.019388e-11, 3.039750e+06, 6.000000e+02, 2.852239e-02, 9.578767e-22, 2.662151e-22, 2.263540e-01, 1.911030e-23
33.266533, 1.274208e+01, 1.813504e-12, 3.039750e+06, 6.000000e+02, 2.852239e-02, 9.578767e-22, 2.662151e-22, 2.263540e-01, 1.911030e-23
33.466934, 1.274208e+01, 2.866456e-13, 3.039750e+06, 6.000000e+02, 2.852239e-02, 9.578767e-22, 2.662151e-22, 2.263540e-01, 1.911030e-23
33.667335, 1.274208e+01, 3.718289e-14, 3.039750e+06, 6.000000e+02, 2.852239e-02, 9.578767e-22, 2.662151e-22, 2.263540e-01, 1.911030e-23
33.867735, 1.274208e+01, 0.000000e+00, 3.039750e+06, 6.000000e+02, 2.852239e-02, 9.578767e-22, 2.662151e-22, 2.263540e-01, 1.911030e-23
34.068136, 1.274208e+01, 0.000000e+00, 3.039750e+06, 6.000000e+02, 2.852239e-02, 9.578767e-22, 2.662151e-22, 2.263540e-01, 1.911030e-23
34.268537, 1.274208e+01, 0.000000e+00, 3.039750e+06, 6.000000e+02, 2.852239e-02, 9.578767e-22, 2.662151e-22, 2.263540e-01, 1.911030e-23
34.468938, 1.274208e+01, 0.000000e+00, 3.039750e+06, 6.000000e+02, 2.852239e-02, 9.578767e-22, 2.662151e-22, 2.263540e-01, 1.911030e-23
34.669339, 1.274208e+01, 0.000000e+00, 3.039750e+06, 6.000000e+02, 2.852239e-02, 9.578767e-22, 2.662151e-22, 2.263540e-01, 1.911030e-23
34.869739, 1.274208e+01, 0.000000e+00, 3.039750e+06, 6.000000e+02, 2.852239e-02, 9.578767e-22, 2.662151e-22, 2.263540e-01, 1.911030e-23
35.070140, 1.274208e+01, 0.000000e+00, 3.039750e+06, 6.000000e+02, 2.852239e-02, 9.578767e-22, 2.662151e-22, 2.263540e-01, 1.911030e-23
35.270541, 1.274208e+01, 0.000000e+00, 3.039750e+06, 6.000000e+02, 2.852239e-02, 9.578767e-22, 2.662151e-22, 2.263540e-01, 1.911030e-23
35.470942, 1.274208e+01, 0.000000e+00, 3.039750e+06, 6.000000e+02, 2.852239e-02, 9.578767e-22, 2.662151e-22, 2.263540e-01, 1.911030e-23
35.671343, 1.274208e+01, 0.000000e+00, 3.039750e+06, 6.000000e+02, 2.852239e-02, 9.578767e-22, 2.662151e-22, 2.263540e-01, 1.911030e-23
35.871743, 1.274208e+01, 0.000000e+00, 3.039750e+06, 6.000000e+02, 2.852239e-02, 9.578767e-22, 2.662151e-22, 2.263540e-01, 1.911030e-23
36.072144, 1.274208e+01, 0.000000e+00, 3.039750e+06, 6.000000e+02, 2.852239e-02, 9.578767e-22, 2.662151e-22, 2.263540e-01, 1.911030e-23
36.272545, 1.274208e+01, 0.000000e+00, 3.039750e+06, 6.000000e+02, 2.852239e-02, 9.578767e-22, 2.662151e-22, 2.263540e-01, 1.911030e-23
36.472946, 1.274208e+01, 0.000000e+00, 3.039750e+06, 6.000000e+02, 2.852239e-02, 9.578767e-22, 2.662151e-22, 2.263540e-01, 1.911030e-23
36.673347, 1.274208e+01, 0.000000e+00, 3.039750e+06, 6.000000e+02, 2.852239e-02, 9.578767e-22, 2.662151e-22, 2.263540e-01, 1.911030e-23
36.873747, 1.274208e+01, 0.000000e+00, 3.039750e+06, 6.000000e+02, 2.852239e-02, 9.578767e-22, 2.662151e-22, 2.263540e-01, 1.911030e-23
37.074148, 1.274208e+01, 0.000000e+00, 3.039750e+06, 6.000000e+02, 2.852239e-02, 9.578767e-22, 2.662151e-22, 2.263540e-01, 1.911030e-23
37.274549, 1.274208e+01, 0.000000e+00, 3.039750e+06, 6.000000e+02, 2.852239e-02, 9.578767e-22, 2.662151e-22, 2.263540e-01, 1.911030e-23
37.474950, 1.274208e+01, 0.000000e+00, 3.039750e+06, 6.000000e+02, 2.852239e-02, 9.578767e-22, 2.662151e-22, 2.263540e-01, 1.911030e-23
37.675351, 1.274208e+01, 0.000000e+00, 3.039750e+06, 6.000000e+02, 2.852239e-02, 9.578767e-22, 2.662151e-22, 2.263540e-01, 1.911030e-23
37.875752, 1.274208e+01, 0.000000e+00, 3.039750e+06, 6.000000e+02, 2.852239e-02, 9.578767e-22, 2.662151e-22, 2.263540e-01, 1.911030e-23
38.076152, 1.274208e+01, 0.000000e+00, 3.039750e+06, 6.000000e+02, 2.852239e-02, 9.578767e-22, 2.662151e-22, 2.263540e-01, 1.911030e-23
38.276553, 1.274208e+01, 0.000000e+00, 3.039750e+06, 6.000000e+02, 2.852239e-02, 9.578767e-22, 2.662151e-22, 2.263540e-01, 1.911030e-23
38.476954, 1.274208e+01, 0.000000e+00, 3.039750e+06, 6.000000e+02, 2.852239e-02, 9.578767e-22, 2.662151e-22, 2.263540e-01, 1.911030e-23
38.677355, 1.274208e+01, 0.000000e+00, 3.039750e+06, 6.000000e+02, 2.852239e-02, 9.578767e-22, 2.662151e-22, 2.263540e-01, 1.911030e-23
38.877756, 1.274208e+01, 0.000000e+00, 3.039750e+06, 6.000000e+02, 2.852239e-02, 9.578767e-22, 2.662151e-22, 2.263540e-01, 1.911030e-23
39.078156, 1.274208e+01, 0.000000e+00, 3.039750e+06, 6.000000e+02, 2.852239e-02, 9.578767e-22, 2.662151e-22, 2.263540e-01, 1.911030e-23
39.278557, 1.274208e+01, 0.000000e+00, 3.039750e+06, 6.000000e+02, 2.852239e-02, 9.578767e-22, 2.662151e-22, 2.263540e-01, 1.911030e-23
39.478958, 1.274208e+01, 0.000000e+00, 3.039750e+06, 6.000000e+02, 2.852239e-02, 9.578767e-22, 2.662151e-22, 2.263540e-01, 1.911030e-23
39.679359, 1.274208e+01, 0.000000e+00, 3.039750e+06, 6.000000e+02, 2.852239e-02, 9.578767e-22, 2.662151e-22, 2.263540e-01, 1.911030e-23
39.879760, 1.274208e+01, 0.000000e+00, 3.039750e+06, 6.000000e+02, 2.852239e-02, 9.578767e-22, 2.662151e-22, 2.263540e-01, 1.911030e-23
40.080160, 1.274208e+01, 0.000000e+00, 3.039750e+06, 6.000000e+02, 2.852239e-02, 9.578767e-22, 2.662151e-22, 2.263540e-01, 1.911030e-23
40.280561, 1.274208e+01, 0.000000e+00, 3.039750e+06, 6.000000e+02, 2.852239e-02, 9.578767e-22, 2.662151e-22, 2.263540e-01, 1.911030e-23
40.480962, 1.274208e+01, 0.000000e+00, 3.039750e+06, 6.000000e+02, 2.852239e-02, 9.578767e-22, 2.662151e-22, 2.263540e-01, 1.911030e-23
40.681363, 1.274208e+01, 0.000000e+00, 3.039750e+06, 6.000000e+02, 2.852239e-02, 9.578767e-22, 2.662151e-22, 2.263540e-01, 1.911030e-23
40.881764, 1.274208e+01, 0.000000e+00, 3.039750e+06, 6.000000e+02, 2.852239e-02, 9.578767e-22, 2.662151e-22, 2.263540e-01, 1.911030e-23
41.082164, 1.274208e+01, 0.000000e+00, 3.039750e+06, 6.000000e+02, 2.852239e-02, 9.578767e-22, 2.662151e-22, 2.263540e-01, 1.911030e-23
41.282565, 1.274208e+01, 0.000000e+00, 3.039750e+06, 6.000000e+02, 2.852239e-02, 9.578767e-22, 2.662151e-22, 2.263540e-01, 1.911030e-23
41.482966, 1.274208e+01, 0.000000e+00, 3.039750e+06, 6.000000e+02, 2.852239e-02, 9.578767e-22, 2.662151e-22, 2.263540e-01, 1.911030e-23
41.683367, 1.274208e+01, 0.000000e+00, 3.039750e+06, 6.000000e+02, 2.852239e-02, 9.578767e-22, 2.662151e-22, 2.263540e-01, 1.911030e-23
41.883768, 1.274208e+01, 0.000000e+00, 3.039750e+06, 6.000000e+02, 2.852239e-02, 9.578767e-22, 2.662151e-22, 2.263540e-01, 1.911030e-23
42.084168, 1.274208e+01, 0.000000e+00, 3.039750e+06, 6.000000e+02, 2.852239e-02, 9.578767e-22, 2.662151e-22, 2.263540e-01, 1.911030e-23
42.284569, 1.274208e+01, 0.000000e+00, 3.039750e+06, 6.000000e+02, 2.852239e-02, 9.578767e-22, 2.662151e-22, 2.263540e-01, 1.911030e-23
42.484970, 1.274208e+01, 0.000000e+00, 3.039750e+06, 6.000000e+02, 2.852239e-02, 9.578767e-22, 2.662151e-22, 2.263540e-01, 1.911030e-23
42.685371, 1.274208e+01, 0.000000e+00, 3.039750e+06, 6.000000e+02, 2.852239e-02, 9.578767e-22, 2.662151e-22, 2.263540e-01, 1.911030e-23
42.885772, 1.274208e+01, 0.000000e+00, 3.039750e+06, 6.000000e+02, 2.852239e-02, 9.578767e-22, 2.662151e-22, 2.263540e-01, 1.911030e-23
43.086172, 1.274208e+01, 0.000000e+00, 3.039750e+06, 6.000000e+02, 2.852239e-02, 9.578767e-22, 2.662151e-22, 2.263540e-01, 1.911030e-23
43.286573, 1.274208e+01, 0.000000e+00, 3.039750e+06, 6.000000e+02, 2.852239e-02, 9.578767e-22, 2.662151e-22, 2.263540e-01, 1.911030e-23
43.486974, 1.274208e+01, 0.000000e+00, 3.039750e+06, 6.000000e+02, 2.852239e-02, 9.578767e-22, 2.662151e-22, 2.263540e-01, 1.911030e-23
43.687375, 1.274208e+01, 0.000000e+00, 3.039750e+06, 6.000000e+02, 2.852239e-02, 9.578767e-22, 2.662151e-22, 2.263540e-01, 1.911030e-23
43.887776, 1.274208e+01, 0.000000e+00, 3.039750e+06, 6.000000e+02, 2.852239e-02, 9.578767e-22, 2.662151e-22, 2.263540e-01, 1.911030e-23
44.088176, 1.274208e+01, 6.318116e-14, 3.039750e+06, 6.000000e+02, 2.852239e-02, 9.578767e-22, 2.662151e-22, 2.263540e-01, 1.911030e-23
44.288577, 1.274208e+01, 6.733723e-13, 3.039750e+06, 6.000000e+02, 2.852239e-02, 9.578767e-22, 2.662151e-22, 2.263540e-01, 1.911030e-23
44.488978, 1.274208e+01, 5.656624e-12, 3.039750e+06, 6.000000e+02, 2.852239e-02, 9.578767e-22, 2.662151e-22, 2.263540e-01, 1.911030e-23
44.689379, 1.274208e+01, 4.483513e-11, 3.039750e+06, 6.000000e+02, 2.852239e-02, 9.578767e-22, 2.662151e-22, 2.263540e-01, 1.911030e-23
44.889780, 1.274208e+01, 3.338336e-10, 3.039750e+06, 6.000000e+02, 2.852239e-02, 9.578767e-22, 2.662151e-22, 2.263540e-01, 1.911030e-23
45.090180, 1.274208e+01, 2.344605e-09, 3.039750e+06, 6.000000e+02, 2.852239e-02, 9.578767e-22, 2.662151e-22, 2.263540e-01, 1.911030e-23
45.290581, 1.274208e+01, 1.556257e-08, 3.039750e+06, 6.000000e+02, 2.852239e-02, 9.578767e-22, 2.662151e-22, 2.263540e-01, 1.911030e-23
45.490982, 1.274208e+01, 9.756204e-08, 3.039750e+06, 6.000000e+02, 2.852239e-02, 9.578767e-22, 2.662151e-22, 2.263540e-01, 1.911030e-23
45.691383, 1.274208e+01, 5.768300e-07, 3.039750e+06, 6.000000e+02, 2.852239e-02, 9.578767e-22, 2.662151e-22, 2.263540e-01, 1.911030e-23
45.891784, 1.274208e+01, 3.211342e-06, 3.039750e+06, 6.000000e+02, 2.852239e-02, 9.578767e-22, 2.662151e-22, 2.263540e-01, 1.911030e-23
46.092184, 1.274208e+01, 1.680448e-05, 3.039750e+06, 6.000000e+02, 2.852239e-02, 9.578767e-22, 2.662151e-22, 2.263540e-01, 1.911030e-23
46.292585, 1.274208e+01, 8.249075e-05, 3.039750e+06, 6.000000e+02, 2.852239e-02, 9.578768e-22, 2.662152e-22, 2.263540e-01, 1.911031e-23
46.492986, 1.274207e+01, 3.790271e-04, 3.039748e+06, 6.000000e+02, 2.852239e-02, 9.578773e-22, 2.662153e-22, 2.263540e-01, 1.911032e-23
46.693387, 1.274204e+01, 1.626112e-03, 3.039741e+06, 6.000000e+02, 2.852239e-02, 9.578795e-22, 2.662159e-22, 2.263540e-01, 1.911037e-23
46.893788, 1.274193e+01, 6.496022e-03, 3.039714e+06, 6.000000e+02, 2.852239e-02, 9.578881e-22, 2.662183e-22, 2.263540e-01, 1.911054e-23
47.094188, 1.274152e+01, 2.408894e-02, 3.039615e+06, 6.000000e+02, 2.852239e-02, 9.579192e-22, 2.662268e-22, 2.263540e-01, 1.911116e-23
47.294589, 1.274013e+01, 8.263473e-02, 3.039285e+06, 6.000000e+02, 2.852239e-02, 9.580230e-22, 2.662554e-22, 2.263540e-01, 1.911322e-23
47.494990, 1.273590e+01, 2.612401e-01, 3.038275e+06, 6.000000e+02, 2.852239e-02, 9.583413e-22, 2.663432e-22, 2.263540e-01, 1.911954e-23
47.695391, 1.272406e+01, 7.580997e-01, 3.035452e+06, 6.000000e+02, 2.852239e-02, 9.592316e-22, 2.665888e-22, 2.263540e-01, 1.913724e-23
47.895792, 1.269409e+01, 2.011766e+00, 3.028300e+06, 6.000000e+02, 2.852239e-02, 9.614941e-22, 2.672139e-22, 2.263540e-01, 1.918223e-23
48.096192, 1.262561e+01, 4.867626e+00, 3.011965e+06, 6.000000e+02, 2.852239e-02, 9.667010e-22, 2.686537e-22, 2.263540e-01, 1.928583e-23
48.296593, 1.248524e+01, 1.072606e+01, 2.978478e+06, 6.000000e+02, 2.852239e-02, 9.775513e-22, 2.716567e-22, 2.263540e-01, 1.950182e-23
48.496994, 1.222750e+01, 2.155786e+01, 2.916992e+06, 6.000000e+02, 2.852239e-02, 9.981151e-22, 2.773522e-22, 2.263540e-01, 1.991131e-23
48.697395, 1.180317e+01, 3.970493e+01, 2.815762e+06, 6.000000e+02, 2.852239e-02, 1.033913e-21, 2.872724e-22, 2.263540e-01, 2.062437e-23
48.897796, 1.117356e+01, 6.752664e+01, 2.665564e+06, 6.000000e+02, 2.852239e-02, 1.092009e-21, 3.033763e-22, 2.263540e-01, 2.178177e-23
49.098196, 1.032436e+01, 1.071024e+02, 2.462979e+06, 6.000000e+02, 2.852239e-02, 1.181541e-21, 3.281962e-22, 2.263540e-01, 2.356551e-23
49.298597, 9.270145e+00, 1.602564e+02, 2.211485e+06, 6.000000e+02, 2.852239e-02, 1.315434e-21, 3.653063e-22, 2.263540e-01, 2.623274e-23
49.498998, 8.043881e+00, 2.292614e+02, 1.918948e+06, 6.000000e+02, 2.852239e-02, 1.515232e-21, 4.206519e-22, 2.263540e-01, 3.021165e-23
49.699399, 6.663881e+00, 3.195009e+02, 1.589735e+06, 6.000000e+02, 2.852239e-02, 1.827939e-21, 5.071564e-22, 2.263540e-01, 3.643460e-23
49.899800, 5.017641e+00, 4.536932e+02, 1.197008e+06, 6.000000e+02, 2.852239e-02, 2.426148e-21, 6.719161e-22, 2.263540e-01, 4.831137e-23
50.100200, 3.091918e+00, 8.535212e+02, 3.039750e+03, 3.000000e+02, 2.852215e-02, 2.304229e-21, 6.381539e-22, 2.263541e-01, 4.588361e-23
50.300601, 3.410522e+00, 8.290047e+02, 3.039750e+03, 3.000000e+02, 2.852015e-02, 2.182322e-21, 6.043624e-22, 2.263545e-01, 4.345486e-23
50.501002, 3.847381e+00, 7.959643e+02, 3.039750e+03, 3.000000e+02, 2.851229e-02, 2.027073e-21, 5.613411e-22, 2.263563e-01, 4.036239e-23
50.701403, 4.233601e+00, 7.588435e+02, 3.039750e+03, 3.000000e+02, 2.849197e-02, 1.861048e-21, 5.153370e-22, 2.263610e-01, 3.705545e-23
50.901804, 4.314231e+00, 7.228748e+02, 3.039750e+03, 3.000000e+02, 2.844979e-02, 1.706804e-21, 4.725951e-22, 2.263707e-01, 3.398313e-23
51.102204, 3.944554e+00, 6.904816e+02, 3.039750e+03, 3.000000e+02, 2.836888e-02, 1.573285e-21, 4.355923e-22, 2.263893e-01, 3.132351e-23
51.302605, 3.202041e+00, 6.613944e+02, 3.039750e+03, 3.000000e+02, 2.821414e-02, 1.458910e-21, 4.038900e-22, 2.264248e-01, 2.904506e-23
51.503006, 2.312225e+00, 6.335686e+02, 3.039750e+03, 3.000000e+02, 2.790992e-02, 1.357146e-21, 3.756799e-22, 2.264948e-01, 2.701773e-23
51.703407, 1.495080e+00, 6.030943e+02, 3.039750e+03, 3.000000e+02, 2.729301e-02, 1.258161e-21, 3.482410e-22, 2.266366e-01, 2.504578e-23
51.903808, 8.698688e-01, 5.626588e+02, 3.039750e+03, 3.000000e+02, 2.601721e-02, 1.146374e-21, 3.172643e-22, 2.269298e-01, 2.281919e-23
52.104208, 4.536891e-01, 4.981300e+02, 3.039750e+03, 3.000000e+02, 2.337791e-02, 9.937186e-22, 2.749877e-22, 2.275363e-01, 1.977948e-23
52.304609, 2.069568e-01, 3.896752e+02, 3.039750e+03, 3.000000e+02, 1.807398e-02, 7.490058e-22, 2.072526e-22, 2.287553e-01, 1.490798e-23
52.505010, 8.445050e-02, 2.246235e+02, 3.039750e+03, 3.000000e+02, 8.881460e-03, 3.624937e-22, 1.002981e-22, 2.308680e-01, 7.214778e-24
52.705411, 4.312903e-02, 5.930317e+01, 3.039750e+03, 3.000000e+02, 1.136955e-03, 4.605063e-23, 1.274138e-23, 2.326479e-01, 9.165418e-25
52.905812, 3.586421e-02, 6.045737e+00, 3.039750e+03, 3.000000e+02, 1.171258e-05, 4.725952e-25, 1.307567e-25, 2.329065e-01, 9.405957e-27
53.106212, 3.521025e-02, 4.516638e-01, 3.039750e+03, 3.000000e+02, 6.978044e-09, 2.809371e-28, 7.772852e-29, 2.329092e-01, 5.591406e-30
53.306613, 3.516278e-02, 3.252403e-02, 3.039750e+03, 3.000000e+02, 2.553937e-13, 1.026744e-32, 2.840740e-33, 2.329092e-01, 2.043493e-34
53.507014, 3.515937e-02, 2.324178e-03, 3.039750e+03, 3.000000e+02, 6.022325e-19, 2.418729e-38, 6.691981e-39, 2.329092e-01, 4.813902e-40
53.707415, 3.515913e-02, 1.651130e-04, 3.039750e+03, 3.000000e+02, 9.397005e-26, 3.771431e-45, 1.043452e-45, 2.329092e-01, 7.506123e-47
53.907816, 3.515911e-02, 1.165773e-05, 3.039750e+03, 3.000000e+02, 9.851000e-34, 3.951606e-53, 1.093300e-53, 2.329092e-01, 7.864709e-55
54.108216, 3.515911e-02, 8.176615e-07, 3.039750e+03, 3.000000e+02, 6.995214e-43, 2.804974e-62, 7.760572e-63, 2.329092e-01, 5.582614e-64
54.308617, 3.515911e-02, 5.694556e-08, 3.039750e+03, 3.000000e+02, 3.376907e-53, 1.353703e-72, 3.745309e-73, 2.329092e-01, 2.694212e-74
54.509018, 3.515911e-02, 3.936184e-09, 3.039750e+03, 3.000000e+02, 1.108665e-64, 4.443363e-84, 1.229350e-84, 2.329092e-01, 8.843405e-86
54.709419, 3.515911e-02, 2.699141e-10, 3.039750e+03, 3.000000e+02, 2.470517e-77, 9.899588e-97, 2.738964e-97, 2.329092e-01, 1.970302e-98
54.909820, 3.515911e-02, 1.835304e-11, 3.039750e+03, 3.000000e+02, 3.722751e-91, 1.492158e-110, 4.128559e-111, 2.329092e-01, 2.968870e-112
55.110220, 3.515911e-02, 1.237447e-12, 3.039750e+03, 3.000000e+02, 3.777839e-106, 1.504274e-125, 4.168741e-126, 2.329092e-01, 2.994572e-127
55.310621, 3.515911e-02, 8.167963e-14, 3.039750e+03, 3.000000e+02, 2.541097e-122, 9.291977e-142, 2.636918e-142, 2.329092e-01, 2.016673e-143
55.511022, 3.515911e-02, 3.945154e-15, 3.039750e+03, 3.000000e+02, 2.153981e-139, 7.879551e-159, 2.234931e-159, 2.329092e-01, 1.707182e-160
55.711423, 3.515911e-02, 0.000000e+00, 3.039750e+03, 3.000000e+02, 8.754383e-158, 3.203143e-177, 9.082528e-178, 2.329092e-01, 6.931548e-179
55.911824, 3.515911e-02, 0.000000e+00, 3.039750e+03, 3.000000e+02, 0.000000e+00, 0.000000e+00, 0.000000e+00, 2.329092e-01, 0.000000e+00
56.112224, 3.515911e-02, 0.000000e+00, 3.039750e+03, 3.000000e+02, 0.000000e+00, 0.000000e+00, 0.000000e+00, 2.329092e-01, 0.000000e+00
56.312625, 3.515911e-02, 0.000000e+00, 3.039750e+03, 3.000000e+02, 0.000000e+00, 0.000000e+00, 0.000000e+00, 2.329092e-01, 0.000000e+00
56.513026, 3.515911e-02, 0.000000e+00, 3.039750e+03, 3.000000e+02, 0.000000e+00, 0.000000e+00, 0.000000e+00, 2.329092e-01, 0.000000e+00
56.713427, 3.515911e-02, 0.000000e+00, 3.039750e+03, 3.000000e+02, 0.000000e+00, 0.000000e+00, 0.000000e+00, 2.329092e-01, 0.000000e+00
56.913828, 3.515911e-02, 0.000000e+00, 3.039750e+03, 3.000000e+02, 0.000000e+00, 0.000000e+00, 0.000000e+00, 2.329092e-01, 0.000000e+00
57.114228, 3.515911e-02, 0.000000e+00, 3.039750e+03, 3.000000e+02, 0.000000e+00, 0.000000e+00, 0.000000e+00, 2.329092e-01, 0.000000e+00
57.314629, 3.515911e-02, 0.000000e+00, 3.039750e+03, 3.000000e+02, 0.000000e+00, 0.000000e+00, 0.000000e+00, 2.329092e-01, 0.000000e+00
57.515030, 3.515911e-02, 0.000000e+00, 3.039750e+03, 3.000000e+02, 0.000000e+00, 0.000000e+00, 0.000000e+00, 2.329092e-01, 0.000000e+00
57.715431, 3.515911e-02, 0.000000e+00, 3.039750e+03, 3.000000e+02, 0.000000e+00, 0.000000e+00, 0.000000e+00, 2.329092e-01, 0.000000e+00
57.915832, 3.515911e-02, 0.000000e+00, 3.039750e+03, 3.000000e+02, 0.000000e+00, 0.000000e+00, 0.000000e+00, 2.329092e-01, 0.000000e+00
58.116232, 3.515911e-02, 0.000000e+00, 3.039750e+03, 3.000000e+02, 0.000000e+00, 0.000000e+00, 0.000000e+00, 2.329092e-01, 0.000000e+00
58.316633, 3.515911e-02, 0.000000e+00, 3.039750e+03, 3.000000e+02, 0.000000e+00, 0.000000e+00, 0.000000e+00, 2.329092e-01, 0.000000e+00
58.517034, 3.515911e-02, 0.000000e+00, 3.039750e+03, 3.000000e+02, 0.000000e+00, 0.000000e+00, 0.000000e+00, 2.329092e-01, 0.000000e+00
58.717435, 3.515911e-02, 0.000000e+00, 3.039750e+03, 3.000000e+02, 0.000000e+00, 0.000000e+00, 0.000000e+00, 2.329092e-01, 0.000000e+00
58.917836, 3.515911e-02, 0.000000e+00, 3.039750e+03, 3.000000e+02, 0.000000e+00, 0.000000e+00, 0.000000e+00, 2.329092e-01, 0.000000e+00
59.118236, 3.515911e-02, 0.000000e+00, 3.039750e+03, 3.000000e+02, 0.000000e+00, 0.000000e+00, 0.000000e+00, 2.329092e-01, 0.000000e+00
59.318637, 3.515911e-02, 0.000000e+00, 3.039750e+03, 3.000000e+02, 0.000000e+00, 0.000000e+00, 0.000000e+00, 2.329092e-01, 0.000000e+00
59.519038, 3.515911e-02, 0.000000e+00, 3.039750e+03, 3.000000e+02, 0.000000e+00, 0.000000e+00, 0.000000e+00, 2.329092e-01, 0.000000e+00
59.719439, 3.515911e-02, 0.000000e+00, 3.039750e+03, 3.000000e+02, 0.000000e+00, 0.000000e+00, 0.000000e+00, 2.329092e-01, 0.000000e+00
59.919840, 3.515911e-02, 0.000000e+00, 3.039750e+03, 3.000000e+02, 0.000000e+00, 0.000000e+00, 0.000000e+00, 2.329092e-01, 0.000000e+00
60.120240, 3.515911e-02, 0.000000e+00, 3.039750e+03, 3.000000e+02, 0.000000e+00, 0.000000e+00, 0.000000e+00, 2.329092e-01, 0.000000e+00
60.320641, 3.515911e-02, 0.000000e+00, 3.039750e+03, 3.000000e+02, 0.000000e+00, 0.000000e+00, 0.000000e+00, 2.329092e-01, 0.000000e+00
60.521042, 3.515911e-02, 0.000000e+00, 3.039750e+03, 3.000000e+02, 0.000000e+00, 0.000000e+00, 0.000000e+00, 2.329092e-01, 0.000000e+00
60.721443, 3.515911e-02, 0.000000e+00, 3.039750e+03, 3.000000e+02, 0.000000e+00, 0.000000e+00, 0.000000e+00, 2.329092e-01, 0.000000e+00
60.921844, 3.515911e-02, 0.000000e+00, 3.039750e+03, 3.000000e+02, 0.000000e+00, 0.000000e+00, 0.000000e+00, 2.329092e-01, 0.000000e+00
61.122244, 3.515911e-02, 0.000000e+00, 3.039750e+03, 3.000000e+02, 0.000000e+00, 0.000000e+00, 0.000000e+00, 2.329092e-01, 0.000000e+00
61.322645, 3.515911e-02, 0.000000e+00, 3.039750e+03, 3.000000e+02, 0.000000e+00, 0.000000e+00, 0.000000e+00, 2.329092e-01, 0.000000e+00
61.523046, 3.515911e-02, 0.000000e+00, 3.039750e+03, 3.000000e+02, 0.000000e+00, 0.000000e+00, 0.000000e+00, 2.329092e-01, 0.000000e+00
61.723447, 3.515911e-02, 0.000000e+00, 3.039750e+03, 3.000000e+02, 0.000000e+00, 0.000000e+00, 0.000000e+00, 2.329092e-01, 0.000000e+00
61.923848, 3.515911e-02, 0.000000e+00, 3.039750e+03, 3.000000e+02, 0.000000e+00, 0.000000e+00, 0.000000e+00, 2.329092e-01, 0.000000e+00
62.124248, 3.515911e-02, 0.000000e+00, 3.039750e+03, 3.000000e+02, 0.000000e+00, 0.000000e+00, 0.000000e+00, 2.329092e-01, 0.000000e+00
62.324649, 3.515911e-02, 0.000000e+00, 3.039750e+03, 3.000000e+02, 0.000000e+00, 0.000000e+00, 0.000000e+00, 2.329092e-01, 0.000000e+00
62.525050, 3.515911e-02, 0.000000e+00, 3.039750e+03, 3.000000e+02, 0.000000e+00, 0.000000e+00, 0.000000e+00, 2.329092e-01, 0.000000e+00
62.725451, 3.515911e-02, 0.000000e+00, 3.039750e+03, 3.000000e+02, 0.000000e+00, 0.000000e+00, 0.000000e+00, 2.329092e-01, 0.000000e+00
62.925852, 3.515911e-02, 0.000000e+00, 3.039750e+03, 3.000000e+02, 0.000000e+00, 0.000000e+00, 0.000000e+00, 2.329092e-01, 0.000000e+00
63.126253, 3.515911e-02, 0.000000e+00, 3.039750e+03, 3.000000e+02, 0.000000e+00, 0.000000e+00, 0.000000e+00, 2.329092e-01, 0.000000e+00
63.326653, 3.515911e-02, 0.000000e+00, 3.039750e+03, 3.000000e+02, 0.000000e+00, 0.000000e+00, 0.000000e+00, 2.329092e-01, 0.000000e+00
63.527054, 3.515911e-02, 0.000000e+00, 3.039750e+03, 3.000000e+02, 0.000000e+00, 0.000000e+00, 0.000000e+00, 2.329092e-01, 0.000000e+00
63.727455, 3.515911e-02, 0.000000e+00, 3.039750e+03, 3.000000e+02, 0.000000e+00, 0.000000e+00, 0.000000e+00, 2.329092e-01, 0.000000e+00
63.927856, 3.515911e-02, 0.000000e+00, 3.039750e+03, 3.000000e+02, 0.000000e+00, 0.000000e+00, 0.000000e+00, 2.329092e-01, 0.000000e+00
64.128257, 3.515911e-02, 0.000000e+00, 3.039750e+03, 3.000000e+02, 0.000000e+00, 0.000000e+00, 0.000000e+00, 2.329092e-01, 0.000000e+00
64.328657, 3.515911e-02, 0.000000e+00, 3.039750e+03, 3.000000e+02, 0.000000e+00, 0.000000e+00, 0.000000e+00, 2.329092e-01, 0.000000e+00
64.529058, 3.515911e-02, 0.000000e+00, 3.039750e+03, 3.000000e+02, 0.000000e+00, 0.000000e+00, 0.000000e+00, 2.329092e-01, 0.000000e+00
64.729459, 3.515911e-02, 0.000000e+00, 3.039750e+03, 3.000000e+02, 0.000000e+00, 0.000000e+00, 0.000000e+00, 2.329092e-01, 0.000000e+00
64.929860, 3.515911e-02, 0.000000e+00, 3.039750e+03, 3.000000e+02, 0.000000e+00, 0.000000e+00, 0.000000e+00, 2.329092e-01, 0.000000e+00
65.130261, 3.515911e-02, 0.000000e+00, 3.039750e+03, 3.000000e+02, 0.000000e+00, 0.000000e+00, 0.000000e+00, 2.329092e-01, 0.000000e+00
65.330661, 3.515911e-02, 0.000000e+00, 3.039750e+03, 3.000000e+02, 0.000000e+00, 0.000000e+00, 0.000000e+00, 2.329092e-01, 0.000000e+00
65.531062, 3.515911e-02, 0.000000e+00, 3.039750e+03, 3.000000e+02, 0.000000e+00, 0.000000e+00, 0.000000e+00, 2.329092e-01, 0.000000e+00
65.731463, 3.515911e-02, 0.000000e+00, 3.039750e+03, 3.000000e+02, 0.000000e+00, 0.000000e+00, 0.000000e+00, 2.329092e-01, 0.000000e+00
65.931864, 3.515911e-02, 0.000000e+00, 3.039750e+03, 3.000000e+02, 0.000000e+00, 0.000000e+00, 0.000000e+00, 2.329092e-01, 0.000000e+00
66.132265, 3.515911e-02, 0.000000e+00, 3.039750e+03, 3.000000e+02, 0.000000e+00, 0.000000e+00, 0.000000e+00, 2.329092e-01, 0.000000e+00
66.332665, 3.515911e-02, 0.000000e+00, 3.039750e+03, 3.000000e+02, 0.000000e+00, 0.000000e+00, 0.000000e+00, 2.329092e-01, 0.000000e+00
66.533066, 3.515911e-02, 0.000000e+00, 3.039750e+03, 3.000000e+02, 0.000000e+00, 0.000000e+00, 0.000000e+00, 2.329092e-01, 0.000000e+00
66.733467, 3.515911e-02, 0.000000e+00, 3.039750e+03, 3.000000e+02, 0.000000e+00, 0.000000e+00, 0.000000e+00, 2.329092e-01, 0.000000e+00
66.933868, 3.515911e-02, 0.000000e+00, 3.039750e+03, 3.000000e+02, 0.000000e+00, 0.000000e+00, 0.000000e+00, 2.329092e-01, 0.000000e+00
67.134269, 3.515911e-02, 0.000000e+00, 3.039750e+03, 3.000000e+02, 0.000000e+00, 0.000000e+00, 0.000000e+00, 2.329092e-01, 0.000000e+00
67.334669, 3.515911e-02, 0.000000e+00, 3.039750e+03, 3.000000e+02, 0.000000e+00, 0.000000e+00, 0.000000e+00, 2.329092e-01, 0.000000e+00
67.535070, 3.515911e-02, 0.000000e+00, 3.039750e+03, 3.000000e+02, 0.000000e+00, 0.000000e+00, 0.000000e+00, 2.329092e-01, 0.000000e+00
67.735471, 3.515911e-02, 0.000000e+00, 3.039750e+03, 3.000000e+02, 0.000000e+00, 0.000000e+00, 0.000000e+00, 2.329092e-01, 0.000000e+00
67.935872, 3.515911e-02, 0.000000e+00, 3.039750e+03, 3.000000e+02, 0.000000e+00, 0.000000e+00, 0.000000e+00, 2.329092e-01, 0.000000e+00
68.136273, 3.515911e-02, 0.000000e+00, 3.039750e+03, 3.000000e+02, 0.000000e+00, 0.000000e+00, 0.000000e+00, 2.329092e-01, 0.000000e+00
68.336673, 3.515911e-02, 0.000000e+00, 3.039750e+03, 3.000000e+02, 0.000000e+00, 0.000000e+00, 0.000000e+00, 2.329092e-01, 0.000000e+00
68.537074, 3.515911e-02, 0.000000e+00, 3.039750e+03, 3.000000e+02, 0.000000e+00, 0.000000e+00, 0.000000e+00, 2.329092e-01, 0.000000e+00
68.737475, 3.515911e-02, 0.000000e+00, 3.039750e+03, 3.000000e+02, 0.000000e+00, 0.000000e+00, 0.000000e+00, 2.329092e-01, 0.000000e+00
68.937876, 3.515911e-02, 0.000000e+00, 3.039750e+03, 3.000000e+02, 0.000000e+00, 0.000000e+00, 0.000000e+00, 2.329092e-01, 0.000000e+00
69.138277, 3.515911e-02, 0.000000e+00, 3.039750e+03, 3.000000e+02, 0.000000e+00, 0.000000e+00, 0.000000e+00, 2.329092e-01, 0.000000e+00
69.338677, 3.515911e-02, 0.000000e+00, 3.039750e+03, 3.000000e+02, 0.000000e+00, 0.000000e+00, 0.000000e+00, 2.329092e-01, 0.000000e+00
69.539078, 3.515911e-02, 0.000000e+00, 3.039750e+03, 3.000000e+02, 0.000000e+00, 0.000000e+00, 0.000000e+00, 2.329092e-01, 0.000000e+00
69.739479, 3.515911e-02, 0.000000e+00, 3.039750e+03, 3.000000e+02, 0.000000e+00, 0.000000e+00, 0.000000e+00, 2.329092e-01, 0.000000e+00
69.939880, 3.515911e-02, 0.000000e+00, 3.039750e+03, 3.000000e+02, 0.000000e+00, 0.000000e+00, 0.000000e+00, 2.329092e-01, 0.000000e+00
70.140281, 3.515911e-02, 0.000000e+00, 3.039750e+03, 3.000000e+02, 0.000000e+00, 0.000000e+00, 0.000000e+00, 2.329092e-01, 0.000000e+00
70.340681, 3.515911e-02, 0.000000e+00, 3.039750e+03, 3.000000e+02, 0.000000e+00, 0.000000e+00, 0.000000e+00, 2.329092e-01, 0.000000e+00
70.541082, 3.515911e-02, 0.000000e+00, 3.039750e+03, 3.000000e+02, 0.000000e+00, 0.000000e+00, 0.000000e+00, 2.329092e-01, 0.000000e+00
70.741483, 3.515911e-02, 0.000000e+00, 3.039750e+03, 3.000000e+02, 0.000000e+00, 0.000000e+00, 0.000000e+00, 2.329092e-01, 0.000000e+00
70.941884, 3.515911e-02, 0.000000e+00, 3.039750e+03, 3.000000e+02, 0.000000e+00, 0.000000e+00, 0.000000e+00, 2.329092e-01, 0.000000e+00
71.142285, 3.515911e-02, 0.000000e+00, 3.039750e+03, 3.000000e+02, 0.000000e+00, 0.000000e+00, 0.000000e+00, 2.329092e-01, 0.000000e+00
71.342685, 3.515911e-02, 0.000000e+00, 3.039750e+03, 3.000000e+02, 0.000000e+00, 0.000000e+00, 0.000000e+00, 2.329092e-01, 0.000000e+00
71.543086, 3.515911e-02, 0.000000e+00, 3.039750e+03, 3.000000e+02, 0.000000e+00, 0.000000e+00, 0.000000e+00, 2.329092e-01, 0.000000e+00
71.743487, 3.515911e-02, 0.000000e+00, 3.039750e+03, 3.000000e+02, 0.000000e+00, 0.000000e+00, 0.000000e+00, 2.329092e-01, 0.000000e+00
71.943888, 3.515911e-02, 0.000000e+00, 3.039750e+03, 3.000000e+02, 0.000000e+00, 0.000000e+00, 0.000000e+00, 2.329092e-01, 0.000000e+00
72.144289, 3.515911e-02, 0.000000e+00, 3.039750e+03, 3.000000e+02, 0.000000e+00, 0.000000e+00, 0.000000e+00, 2.329092e-01, 0.000000e+00
72.344689, 3.515911e-02, 0.000000e+00, 3.039750e+03, 3.000000e+02, 0.000000e+00, 0.000000e+00, 0.000000e+00, 2.329092e-01, 0.000000e+00
72.545090, 3.515911e-02, 0.000000e+00, 3.039750e+03, 3.000000e+02, 0.000000e+00, 0.000000e+00, 0.000000e+00, 2.329092e-01, 0.000000e+00
72.745491, 3.515911e-02, 0.000000e+00, 3.039750e+03, 3.000000e+02, 0.000000e+00, 0.000000e+00, 0.000000e+00, 2.329092e-01, 0.000000e+00
72.945892, 3.515911e-02, 0.000000e+00, 3.039750e+03, 3.000000e+02, 0.000000e+00, 0.000000e+00, 0.000000e+00, 2.329092e-01, 0.000000e+00
73.146293, 3.515911e-02, 0.000000e+00, 3.039750e+03, 3.000000e+02, 0.000000e+00, 0.000000e+00, 0.000000e+00, 2.329092e-01, 0.000000e+00
73.346693, 3.515911e-02, 0.000000e+00, 3.039750e+03, 3.000000e+02, 0.000000e+00, 0.000000e+00, 0.000000e+00, 2.329092e-01, 0.000000e+00
73.547094, 3.515911e-02, 0.000000e+00, 3.039750e+03, 3.000000e+02, 0.000000e+00, 0.000000e+00, 0.000000e+00, 2.329092e-01, 0.000000e+00
73.747495, 3.515911e-02, 0.000000e+00, 3.039750e+03, 3.000000e+02, 0.000000e+00, 0.000000e+00, 0.000000e+00, 2.329092e-01, 0.000000e+00
73.947896, 3.515911e-02, 0.000000e+00, 3.039750e+03, 3.000000e+02, 0.000000e+00, 0.000000e+00, 0.000000e+00, 2.329092e-01, 0.000000e+00
74.148297, 3.515911e-02, 0.000000e+00, 3.039750e+03, 3.000000e+02, 0.000000e+00, 0.000000e+00, 0.000000e+00, 2.329092e-01, 0.000000e+00
74.348697, 3.515911e-02, 0.000000e+00, 3.039750e+03, 3.000000e+02, 0.000000e+00, 0.000000e+00, 0.000000e+00, 2.329092e-01, 0.000000e+00
74.549098, 3.515911e-02, 0.000000e+00, 3.039750e+03, 3.000000e+02, 0.000000e+00, 0.000000e+00, 0.000000e+00, 2.329092e-01, 0.000000e+00
74.749499, 3.515911e-02, 0.000000e+00, 3.039750e+03, 3.000000e+02, 0.000000e+00, 0.000000e+00, 0.000000e+00, 2.329092e-01, 0.000000e+00
74.949900, 3.515911e-02, 0.000000e+00, 3.039750e+03, 3.000000e+02, 0.000000e+00, 0.000000e+00, 0.000000e+00, 2.329092e-01, 0.000000e+00
75.150301, 3.515911e-02, 0.000000e+00, 3.039750e+03, 3.000000e+02, 0.000000e+00, 0.000000e+00, 0.000000e+00, 2.329092e-01, 0.000000e+00
75.350701, 3.515911e-02, 0.000000e+00, 3.039750e+03, 3.000000e+02, 0.000000e+00, 0.000000e+00, 0.000000e+00, 2.329092e-01, 0.000000e+00
75.551102, 3.515911e-02, 0.000000e+00, 3.039750e+03, 3.000000e+02, 0.000000e+00, 0.000000e+00, 0.000000e+00, 2.329092e-01, 0.000000e+00
75.751503, 3.515911e-02, 0.000000e+00, 3.039750e+03, 3.000000e+02, 0.000000e+00, 0.000000e+00, 0.000000e+00, 2.329092e-01, 0.000000e+00
75.951904, 3.515911e-02, 0.000000e+00, 3.039750e+03, 3.000000e+02, 0.000000e+00, 0.000000e+00, 0.000000e+00, 2.329092e-01, 0.000000e+00
76.152305, 3.515911e-02, 0.000000e+00, 3.039750e+03, 3.000000e+02, 0.000000e+00, 0.000000e+00, 0.000000e+00, 2.329092e-01, 0.000000e+00
76.352705, 3.515911e-02, 0.000000e+00, 3.039750e+03, 3.000000e+02, 0.000000e+00, 0.000000e+00, 0.000000e+00, 2.329092e-01, 0.000000e+00
76.553106, 3.515911e-02, 0.000000e+00, 3.039750e+03, 3.000000e+02, 0.000000e+00, 0.000000e+00, 0.000000e+00, 2.329092e-01, 0.000000e+00
76.753507, 3.515911e-02, 0.000000e+00, 3.039750e+03, 3.000000e+02, 0.000000e+00, 0.000000e+00, 0.000000e+00, 2.329092e-01, 0.000000e+00
76.953908, 3.515911e-02, 0.000000e+00, 3.039750e+03, 3.000000e+02, 0.000000e+00, 0.000000e+00, 0.000000e+00, 2.329092e-01, 0.000000e+00
77.154309, 3.515911e-02, 0.000000e+00, 3.039750e+03, 3.000000e+02, 0.000000e+00, 0.000000e+00, 0.000000e+00, 2.329092e-01, 0.000000e+00
77.354709, 3.515911e-02, 0.000000e+00, 3.039750e+03, 3.000000e+02, 0.000000e+00, 0.000000e+00, 0.000000e+00, 2.329092e-01, 0.000000e+00
77.555110, 3.515911e-02, 0.000000e+00, 3.039750e+03, 3.000000e+02, 0.000000e+00, 0.000000e+00, 0.000000e+00, 2.329092e-01, 0.000000e+00
77.755511, 3.515911e-02, 0.000000e+00, 3.039750e+03, 3.000000e+02, 0.000000e+00, 0.000000e+00, 0.000000e+00, 2.329092e-01, 0.000000e+00
77.955912, 3.515911e-02, 0.000000e+00, 3.039750e+03, 3.000000e+02, 0.000000e+00, 0.000000e+00, 0.000000e+00, 2.329092e-01, 0.000000e+00
78.156313, 3.515911e-02, 0.000000e+00, 3.039750e+03, 3.000000e+02, 0.000000e+00, 0.000000e+00, 0.000000e+00, 2.329092e-01, 0.000000e+00
78.356713, 3.515911e-02, 0.000000e+00, 3.039750e+03, 3.000000e+02, 0.000000e+00, 0.000000e+00, 0.000000e+00, 2.329092e-01, 0.000000e+00
78.557114, 3.515911e-02, 0.000000e+00, 3.039750e+03, 3.000000e+02, 0.000000e+00, 0.000000e+00, 0.000000e+00, 2.329092e-01, 0.000000e+00
78.757515, 3.515911e-02, 0.000000e+00, 3.039750e+03, 3.000000e+02, 0.000000e+00, 0.000000e+00, 0.000000e+00, 2.329092e-01, 0.000000e+00
78.957916, 3.515911e-02, 0.000000e+00, 3.039750e+03, 3.000000e+02, 0.000000e+00, 0.000000e+00, 0.000000e+00, 2.329092e-01, 0.000000e+00
79.158317, 3.515911e-02, 0.000000e+00, 3.039750e+03, 3.000000e+02, 0.000000e+00, 0.000000e+00, 0.000000e+00, 2.329092e-01, 0.000000e+00
79.358717, 3.515911e-02, 0.000000e+00, 3.039750e+03, 3.000000e+02, 0.000000e+00, 0.000000e+00, 0.000000e+00, 2.329092e-01, 0.000000e+00
79.559118, 3.515911e-02, 0.000000e+00, 3.039750e+03, 3.000000e+02, 0.000000e+00, 0.000000e+00, 0.000000e+00, 2.329092e-01, 0.000000e+00
79.759519, 3.515911e-02, 0.000000e+00, 3.039750e+03, 3.000000e+02, 0.000000e+00, 0.000000e+00, 0.000000e+00, 2.329092e-01, 0.000000e+00
79.959920, 3.515911e-02, 0.000000e+00, 3.039750e+03, 3.000000e+02, 0.000000e+00, 0.000000e+00, 0.000000e+00, 2.329092e-01, 0.000000e+00
80.160321, 3.515911e-02, 0.000000e+00, 3.039750e+03, 3.000000e+02, 0.000000e+00, 0.000000e+00, 0.000000e+00, 2.329092e-01, 0.000000e+00
80.360721, 3.515911e-02, 0.000000e+00, 3.039750e+03, 3.000000e+02, 0.000000e+00, 0.000000e+00, 0.000000e+00, 2.329092e-01, 0.000000e+00
80.561122, 3.515911e-02, 0.000000e+00, 3.039750e+03, 3.000000e+02, 0.000000e+00, 0.000000e+00, 0.000000e+00, 2.329092e-01, 0.000000e+00
80.761523, 3.515911e-02, 0.000000e+00, 3.039750e+03, 3.000000e+02, 0.000000e+00, 0.000000e+00, 0.000000e+00, 2.329092e-01, 0.000000e+00
80.961924, 3.515911e-02, 0.000000e+00, 3.039750e+03, 3.000000e+02, 0.000000e+00, 0.000000e+00, 0.000000e+00, 2.329092e-01, 0.000000e+00
81.162325, 3.515911e-02, 0.000000e+00, 3.039750e+03, 3.000000e+02, 0.000000e+00, 0.000000e+00, 0.000000e+00, 2.329092e-01, 0.000000e+00
81.362725, 3.515911e-02, 0.000000e+00, 3.039750e+03, 3.000000e+02, 0.000000e+00, 0.000000e+00, 0.000000e+00, 2.329092e-01, 0.000000e+00
81.563126, 3.515911e-02, 0.000000e+00, 3.039750e+03, 3.000000e+02, 0.000000e+00, 0.000000e+00, 0.000000e+00, 2.329092e-01, 0.000000e+00
81.763527, 3.515911e-02, 0.000000e+00, 3.039750e+03, 3.000000e+02, 0.000000e+00, 0.000000e+00, 0.000000e+00, 2.329092e-01, 0.000000e+00
81.963928, 3.515911e-02, 0.000000e+00, 3.039750e+03, 3.000000e+02, 0.000000e+00, 0.000000e+00, 0.000000e+00, 2.329092e-01, 0.000000e+00
82.164329, 3.515911e-02, 0.000000e+00, 3.039750e+03, 3.000000e+02, 0.000000e+00, 0.000000e+00, 0.000000e+00, 2.329092e-01, 0.000000e+00
82.364729, 3.515911e-02, 0.000000e+00, 3.039750e+03, 3.000000e+02, 0.000000e+00, 0.000000e+00, 0.000000e+00, 2.329092e-01, 0.000000e+00
82.565130, 3.515911e-02, 0.000000e+00, 3.039750e+03, 3.000000e+02, 0.000000e+00, 0.000000e+00, 0.000000e+00, 2.329092e-01, 0.000000e+00
82.765531, 3.515911e-02, 0.000000e+00, 3.039750e+03, 3.000000e+02, 0.000000e+00, 0.000000e+00, 0.000000e+00, 2.329092e-01, 0.000000e+00
82.965932, 3.515911e-02, 0.000000e+00, 3.039750e+03, 3.000000e+02, 0.000000e+00, 0.000000e+00, 0.000000e+00, 2.329092e-01, 0.000000e+00
83.166333, 3.515911e-02, 0.000000e+00, 3.039750e+03, 3.000000e+02, 0.000000e+00, 0.000000e+00, 0.000000e+00, 2.329092e-01, 0.000000e+00
83.366733, 3.515911e-02, 0.000000e+00, 3.039750e+03, 3.000000e+02, 0.000000e+00, 0.000000e+00, 0.000000e+00, 2.329092e-01, 0.000000e+00
83.567134, 3.515911e-02, 0.000000e+00, 3.039750e+03, 3.000000e+02, 0.000000e+00, 0.000000e+00, 0.000000e+00, 2.329092e-01, 0.000000e+00
83.767535, 3.515911e-02, 0.000000e+00, 3.039750e+03, 3.000000e+02, 0.000000e+00, 0.000000e+00, 0.000000e+00, 2.329092e-01, 0.000000e+00
83.967936, 3.515911e-02, 0.000000e+00, 3.039750e+03, 3.000000e+02, 0.000000e+00, 0.000000e+00, 0.000000e+00, 2.329092e-01, 0.000000e+00
84.168337, 3.515911e-02, 0.000000e+00, 3.039750e+03, 3.000000e+02, 0.000000e+00, 0.000000e+00, 0.000000e+00, 2.329092e-01, 0.000000e+00
84.368737, 3.515911e-02, 0.000000e+00, 3.039750e+03, 3.000000e+02, 0.000000e+00, 0.000000e+00, 0.000000e+00, 2.329092e-01, 0.000000e+00
84.569138, 3.515911e-02, 0.000000e+00, 3.039750e+03, 3.000000e+02, 0.000000e+00, 0.000000e+00, 0.000000e+00, 2.329092e-01, 0.000000e+00
84.769539, 3.515911e-02, 0.000000e+00, 3.039750e+03, 3.000000e+02, 0.000000e+00, 0.000000e+00, 0.000000e+00, 2.329092e-01, 0.000000e+00
84.969940, 3.515911e-02, 0.000000e+00, 3.039750e+03, 3.000000e+02, 0.000000e+00, 0.000000e+00, 0.000000e+00, 2.329092e-01, 0.000000e+00
85.170341, 3.515911e-02, 0.000000e+00, 3.039750e+03, 3.000000e+02, 0.000000e+00, 0.000000e+00, 0.000000e+00, 2.329092e-01, 0.000000e+00
85.370741, 3.515911e-02, 0.000000e+00, 3.039750e+03, 3.000000e+02, 0.000000e+00, 0.000000e+00, 0.000000e+00, 2.329092e-01, 0.000000e+00
85.571142, 3.515911e-02, 0.000000e+00, 3.039750e+03, 3.000000e+02, 0.000000e+00, 0.000000e+00, 0.000000e+00, 2.329092e-01, 0.000000e+00
85.771543, 3.515911e-02, 0.000000e+00, 3.039750e+03, 3.000000e+02, 0.000000e+00, 0.000000e+00, 0.000000e+00, 2.329092e-01, 0.000000e+00
85.971944, 3.515911e-02, 0.000000e+00, 3.039750e+03, 3.000000e+02, 0.000000e+00, 0.000000e+00, 0.000000e+00, 2.329092e-01, 0.000000e+00
86.172345, 3.515911e-02, 0.000000e+00, 3.039750e+03, 3.000000e+02, 0.000000e+00, 0.000000e+00, 0.000000e+00, 2.329092e-01, 0.000000e+00
86.372745, 3.515911e-02, 0.000000e+00, 3.039750e+03, 3.000000e+02, 0.000000e+00, 0.000000e+00, 0.000000e+00, 2.329092e-01, 0.000000e+00
86.573146, 3.515911e-02, 0.000000e+00, 3.039750e+03, 3.000000e+02, 0.000000e+00, 0.000000e+00, 0.000000e+00, 2.329092e-01, 0.000000e+00
86.773547, 3.515911e-02, 0.000000e+00, 3.039750e+03, 3.000000e+02, 0.000000e+00, 0.000000e+00, 0.000000e+00, 2.329092e-01, 0.000000e+00
86.973948, 3.515911e-02, 0.000000e+00, 3.039750e+03, 3.000000e+02, 0.000000e+00, 0.000000e+00, 0.000000e+00, 2.329092e-01, 0.000000e+00
87.174349, 3.515911e-02, 0.000000e+00, 3.039750e+03, 3.000000e+02, 0.000000e+00, 0.000000e+00, 0.000000e+00, 2.329092e-01, 0.000000e+00
87.374749, 3.515911e-02, 0.000000e+00, 3.039750e+03, 3.000000e+02, 0.000000e+00, 0.000000e+00, 0.000000e+00, 2.329092e-01, 0.000000e+00
87.575150, 3.515911e-02, 0.000000e+00, 3.039750e+03, 3.000000e+02, 0.000000e+00, 0.000000e+00, 0.000000e+00, 2.329092e-01, 0.000000e+00
87.775551, 3.515911e-02, 0.000000e+00, 3.039750e+03, 3.000000e+02, 0.000000e+00, 0.000000e+00, 0.000000e+00, 2.329092e-01, 0.000000e+00
87.975952, 3.515911e-02, 0.000000e+00, 3.039750e+03, 3.000000e+02, 0.000000e+00, 0.000000e+00, 0.000000e+00, 2.329092e-01, 0.000000e+00
88.176353, 3.515911e-02, 0.000000e+00, 3.039750e+03, 3.000000e+02, 0.000000e+00, 0.000000e+00, 0.000000e+00, 2.329092e-01, 0.000000e+00
88.376754, 3.515911e-02, 0.000000e+00, 3.039750e+03, 3.000000e+02, 0.000000e+00, 0.000000e+00, 0.000000e+00, 2.329092e-01, 0.000000e+00
88.577154, 3.515911e-02, 0.000000e+00, 3.039750e+03, 3.000000e+02, 0.000000e+00, 0.000000e+00, 0.000000e+00, 2.329092e-01, 0.000000e+00
88.777555, 3.515911e-02, 0.000000e+00, 3.039750e+03, 3.000000e+02, 0.000000e+00, 0.000000e+00, 0.000000e+00, 2.329092e-01, 0.000000e+00
88.977956, 3.515911e-02, 0.000000e+00, 3.039750e+03, 3.000000e+02, 0.000000e+00, 0.000000e+00, 0.000000e+00, 2.329092e-01, 0.000000e+00
89.178357, 3.515911e-02, 0.000000e+00, 3.039750e+03, 3.000000e+02, 0.000000e+00, 0.000000e+00, 0.000000e+00, 2.329092e-01, 0.000000e+00
89.378758, 3.515911e-02, 0.000000e+00, 3.039750e+03, 3.000000e+02, 0.000000e+00, 0.000000e+00, 0.000000e+00, 2.329092e-01, 0.000000e+00
89.579158, 3.515911e-02, 0.000000e+00, 3.039750e+03, 3.000000e+02, 0.000000e+00, 0.000000e+00, 0.000000e+00, 2.329092e-01, 0.000000e+00
89.779559, 3.515911e-02, 0.000000e+00, 3.039750e+03, 3.000000e+02, 0.000000e+00, 0.000000e+00, 0.000000e+00, 2.329092e-01, 0.000000e+00
89.979960, 3.515911e-02, 0.000000e+00, 3.039750e+03, 3.000000e+02, 0.000000e+00, 0.000000e+00, 0.000000e+00, 2.329092e-01, 0.000000e+00
90.180361, 3.515911e-02, 0.000000e+00, 3.039750e+03, 3.000000e+02, 0.000000e+00, 0.000000e+00, 0.000000e+00, 2.329092e-01, 0.000000e+00
90.380762, 3.515911e-02, 0.000000e+00, 3.039750e+03, 3.000000e+02, 0.000000e+00, 0.000000e+00, 0.000000e+00, 2.329092e-01, 0.000000e+00
90.581162, 3.515911e-02, 0.000000e+00, 3.039750e+03, 3.000000e+02, 0.000000e+00, 0.000000e+00, 0.000000e+00, 2.329092e-01, 0.000000e+00
90.781563, 3.515911e-02, 0.000000e+00, 3.039750e+03, 3.000000e+02, 0.000000e+00, 0.000000e+00, 0.000000e+00, 2.329092e-01, 0.000000e+00
90.981964, 3.515911e-02, 0.000000e+00, 3.039750e+03, 3.000000e+02, 0.000000e+00, 0.000000e+00, 0.000000e+00, 2.329092e-01, 0.000000e+00
91.182365, 3.515911e-02, 0.000000e+00, 3.039750e+03, 3.000000e+02, 0.000000e+00, 0.000000e+00, 0.000000e+00, 2.329092e-01, 0.000000e+00
91.382766, 3.515911e-02, 0.000000e+00, 3.039750e+03, 3.000000e+02, 0.000000e+00, 0.000000e+00, 0.000000e+00, 2.329092e-01, 0.000000e+00
91.583166, 3.515911e-02, 0.000000e+00, 3.039750e+03, 3.000000e+02, 0.000000e+00, 0.000000e+00, 0.000000e+00, 2.329092e-01, 0.000000e+00
91.783567, 3.515911e-02, 0.000000e+00, 3.039750e+03, 3.000000e+02, 0.000000e+00, 0.000000e+00, 0.000000e+00, 2.329092e-01, 0.000000e+00
91.983968, 3.515911e-02, 0.000000e+00, 3.039750e+03, 3.000000e+02, 0.000000e+00, 0.000000e+00, 0.000000e+00, 2.329092e-01, 0.000000e+00
92.184369, 3.515911e-02, 0.000000e+00, 3.039750e+03, 3.000000e+02, 0.000000e+00, 0.000000e+00, 0.000000e+00, 2.329092e-01, 0.000000e+00
92.384770, 3.515911e-02, 0.000000e+00, 3.039750e+03, 3.000000e+02, 0.000000e+00, 0.000000e+00, 0.000000e+00, 2.329092e-01, 0.000000e+00
92.585170, 3.515911e-02, 0.000000e+00, 3.039750e+03, 3.000000e+02, 0.000000e+00, 0.000000e+00, 0.000000e+00, 2.329092e-01, 0.000000e+00
92.785571, 3.515911e-02, 0.000000e+00, 3.039750e+03, 3.000000e+02, 0.000000e+00, 0.000000e+00, 0.000000e+00, 2.329092e-01, 0.000000e+00
92.985972, 3.515911e-02, 0.000000e+00, 3.039750e+03, 3.000000e+02, 0.000000e+00, 0.000000e+00, 0.000000e+00, 2.329092e-01, 0.000000e+00
93.186373, 3.515911e-02, 0.000000e+00, 3.039750e+03, 3.000000e+02, 0.000000e+00, 0.000000e+00, 0.000000e+00, 2.329092e-01, 0.000000e+00
93.386774, 3.515911e-02, 0.000000e+00, 3.039750e+03, 3.000000e+02, 0.000000e+00, 0.000000e+00, 0.000000e+00, 2.329092e-01, 0.000000e+00
93.587174, 3.515911e-02, 0.000000e+00, 3.039750e+03, 3.000000e+02, 0.000000e+00, 0.000000e+00, 0.000000e+00, 2.329092e-01, 0.000000e+00
93.787575, 3.515911e-02, 0.000000e+00, 3.039750e+03, 3.000000e+02, 0.000000e+00, 0.000000e+00, 0.000000e+00, 2.329092e-01, 0.000000e+00
93.987976, 3.515911e-02, 0.000000e+00, 3.039750e+03, 3.000000e+02, 0.000000e+00, 0.000000e+00, 0.000000e+00, 2.329092e-01, 0.000000e+00
94.188377, 3.515911e-02, 0.000000e+00, 3.039750e+03, 3.000000e+02, 0.000000e+00, 0.000000e+00, 0.000000e+00, 2.329092e-01, 0.000000e+00
94.388778, 3.515911e-02, 0.000000e+00, 3.039750e+03, 3.000000e+02, 0.000000e+00, 0.000000e+00, 0.000000e+00, 2.329092e-01, 0.000000e+00
94.589178, 3.515911e-02, 0.000000e+00, 3.039750e+03, 3.000000e+02, 0.000000e+00, 0.000000e+00, 0.000000e+00, 2.329092e-01, 0.000000e+00
94.789579, 3.515911e-02, 0.000000e+00, 3.039750e+03, 3.000000e+02, 0.000000e+00, 0.000000e+00, 0.000000e+00, 2.329092e-01, 0.000000e+00
94.989980, 3.515911e-02, 0.000000e+00, 3.039750e+03, 3.000000e+02, 0.000000e+00, 0.000000e+00, 0.000000e+00, 2.329092e-01, 0.000000e+00
95.190381, 3.515911e-02, 0.000000e+00, 3.039750e+03, 3.000000e+02, 0.000000e+00, 0.000000e+00, 0.000000e+00, 2.329092e-01, 0.000000e+00
95.390782, 3.515911e-02, 0.000000e+00, 3.039750e+03, 3.000000e+02, 0.000000e+00, 0.000000e+00, 0.000000e+00, 2.329092e-01, 0.000000e+00
95.591182, 3.515911e-02, 0.000000e+00, 3.039750e+03, 3.000000e+02, 0.000000e+00, 0.000000e+00, 0.000000e+00, 2.329092e-01, 0.000000e+00
95.791583, 3.515911e-02, 0.000000e+00, 3.039750e+03, 3.000000e+02, 0.000000e+00, 0.000000e+00, 0.000000e+00, 2.329092e-01, 0.000000e+00
95.991984, 3.515911e-02, 0.000000e+00, 3.039750e+03, 3.000000e+02, 0.000000e+00, 0.000000e+00, 0.000000e+00, 2.329092e-01, 0.000000e+00
96.192385, 3.515911e-02, 0.000000e+00, 3.039750e+03, 3.000000e+02, 0.000000e+00, 0.000000e+00, 0.000000e+00, 2.329092e-01, 0.000000e+00
96.392786, 3.515911e-02, 0.000000e+00, 3.039750e+03, 3.000000e+02, 0.000000e+00, 0.000000e+00, 0.000000e+00, 2.329092e-01, 0.000000e+00
96.593186, 3.515911e-02, 0.000000e+00, 3.039750e+03, 3.000000e+02, 0.000000e+00, 0.000000e+00, 0.000000e+00, 2.329092e-01, 0.000000e+00
96.793587, 3.515911e-02, 0.000000e+00, 3.039750e+03, 3.000000e+02, 0.000000e+00, 0.000000e+00, 0.000000e+00, 2.329092e-01, 0.000000e+00
96.993988, 3.515911e-02, 0.000000e+00, 3.039750e+03, 3.000000e+02, 0.000000e+00, 0.000000e+00, 0.000000e+00, 2.329092e-01, 0.000000e+00
97.194389, 3.515911e-02, 0.000000e+00, 3.039750e+03, 3.000000e+02, 0.000000e+00, 0.000000e+00, 0.000000e+00, 2.329092e-01, 0.000000e+00
97.394790, 3.515911e-02, 0.000000e+00, 3.039750e+03, 3.000000e+02, 0.000000e+00, 0.000000e+00, 0.000000e+00, 2.329092e-01, 0.000000e+00
97.595190, 3.515911e-02, 0.000000e+00, 3.039750e+03, 3.000000e+02, 0.000000e+00, 0.000000e+00, 0.000000e+00, 2.329092e-01, 0.000000e+00
97.795591, 3.515911e-02, 0.000000e+00, 3.039750e+03, 3.000000e+02, 0.000000e+00, 0.000000e+00, 0.000000e+00, 2.329092e-01, 0.000000e+00
97.995992, 3.515911e-02, 0.000000e+00, 3.039750e+03, 3.000000e+02, 0.000000e+00, 0.000000e+00, 0.000000e+00, 2.329092e-01, 0.000000e+00
98.196393, 3.515911e-02, 0.000000e+00, 3.039750e+03, 3.000000e+02, 0.000000e+00, 0.000000e+00, 0.000000e+00, 2.329092e-01, 0.000000e+00
98.396794, 3.515911e-02, 0.000000e+00, 3.039750e+03, 3.000000e+02, 0.000000e+00, 0.000000e+00, 0.000000e+00, 2.329092e-01, 0.000000e+00
98.597194, 3.515911e-02, 0.000000e+00, 3.039750e+03, 3.000000e+02, 0.000000e+00, 0.000000e+00, 0.000000e+00, 2.329092e-01, 0.000000e+00
98.797595, 3.515911e-02, 0.000000e+00, 3.039750e+03, 3.000000e+02, 0.000000e+00, 0.000000e+00, 0.000000e+00, 2.329092e-01, 0.000000e+00
98.997996, 3.515911e-02, 0.000000e+00, 3.039750e+03, 3.000000e+02, 0.000000e+00, 0.000000e+00, 0.000000e+00, 2.329092e-01, 0.000000e+00
99.198397, 3.515911e-02, 0.000000e+00, 3.039750e+03, 3.000000e+02, 0.000000e+00, 0.000000e+00, 0.000000e+00, 2.329092e-01, 0.000000e+00
99.398798, 3.515911e-02, 0.000000e+00, 3.039750e+03, 3.000000e+02, 0.000000e+00, 0.000000e+00, 0.000000e+00, 2.329092e-01, 0.000000e+00
99.599198, 3.515911e-02, 0.000000e+00, 3.039750e+03, 3.000000e+02, 0.000000e+00, 0.000000e+00, 0.000000e+00, 2.329092e-01, 0.000000e+00
99.799599, 3.515911e-02, 0.000000e+00, 3.039750e+03, 3.000000e+02, 0.000000e+00, 0.000000e+00, 0.000000e+00, 2.329092e-01, 0.000000e+00
100.000000, 3.515911e-02, 0.000000e+00, 3.039750e+03, 3.000000e+02, 0.000000e+00, 0.000000e+00, 0.000000e+00, 2.329092e-01, 0.000000e+00
