# 时间 t = 0.008018 s
# 列: x(m), rho(kg/m3), u(m/s), p(Pa), T(K), Y_H2, Y_H, Y_O, Y_O2, Y_OH
0.000000, 1.274208e+01, 0.000000e+00, 3.039750e+06, 6.000000e+02, 2.852239e-02, 9.864391e-22, 2.741533e-22, 2.263540e-01, 1.969157e-23
0.200401, 1.274208e+01, 0.000000e+00, 3.039750e+06, 6.000000e+02, 2.852239e-02, 9.864391e-22, 2.741533e-22, 2.263540e-01, 1.969157e-23
0.400802, 1.274208e+01, 0.000000e+00, 3.039750e+06, 6.000000e+02, 2.852239e-02, 9.864391e-22, 2.741533e-22, 2.263540e-01, 1.969157e-23
0.601202, 1.274208e+01, 0.000000e+00, 3.039750e+06, 6.000000e+02, 2.852239e-02, 9.864391e-22, 2.741533e-22, 2.263540e-01, 1.969157e-23
0.801603, 1.274208e+01, 0.000000e+00, 3.039750e+06, 6.000000e+02, 2.852239e-02, 9.864391e-22, 2.741533e-22, 2.263540e-01, 1.969157e-23
1.002004, 1.274208e+01, 0.000000e+00, 3.039750e+06, 6.000000e+02, 2.852239e-02, 9.864391e-22, 2.741533e-22, 2.263540e-01, 1.969157e-23
1.202405, 1.274208e+01, 0.000000e+00, 3.039750e+06, 6.000000e+02, 2.852239e-02, 9.864391e-22, 2.741533e-22, 2.263540e-01, 1.969157e-23
1.402806, 1.274208e+01, 0.000000e+00, 3.039750e+06, 6.000000e+02, 2.852239e-02, 9.864391e-22, 2.741533e-22, 2.263540e-01, 1.969157e-23
1.603206, 1.274208e+01, 0.000000e+00, 3.039750e+06, 6.000000e+02, 2.852239e-02, 9.864391e-22, 2.741533e-22, 2.263540e-01, 1.969157e-23
1.803607, 1.274208e+01, 0.000000e+00, 3.039750e+06, 6.000000e+02, 2.852239e-02, 9.864391e-22, 2.741533e-22, 2.263540e-01, 1.969157e-23
2.004008, 1.274208e+01, 0.000000e+00, 3.039750e+06, 6.000000e+02, 2.852239e-02, 9.864391e-22, 2.741533e-22, 2.263540e-01, 1.969157e-23
2.204409, 1.274208e+01, 0.000000e+00, 3.039750e+06, 6.000000e+02, 2.852239e-02, 9.864391e-22, 2.741533e-22, 2.263540e-01, 1.969157e-23
2.404810, 1.274208e+01, 0.000000e+00, 3.039750e+06, 6.000000e+02, 2.852239e-02, 9.864391e-22, 2.741533e-22, 2.263540e-01, 1.969157e-23
2.605210, 1.274208e+01, 0.000000e+00, 3.039750e+06, 6.000000e+02, 2.852239e-02, 9.864391e-22, 2.741533e-22, 2.263540e-01, 1.969157e-23
2.805611, 1.274208e+01, 0.000000e+00, 3.039750e+06, 6.000000e+02, 2.852239e-02, 9.864391e-22, 2.741533e-22, 2.263540e-01, 1.969157e-23
3.006012, 1.274208e+01, 0.000000e+00, 3.039750e+06, 6.000000e+02, 2.852239e-02, 9.864391e-22, 2.741533e-22, 2.263540e-01, 1.969157e-23
3.206413, 1.274208e+01, 0.000000e+00, 3.039750e+06, 6.000000e+02, 2.852239e-02, 9.864391e-22, 2.741533e-22, 2.263540e-01, 1.969157e-23
3.406814, 1.274208e+01, 0.000000e+00, 3.039750e+06, 6.000000e+02, 2.852239e-02, 9.864391e-22, 2.741533e-22, 2.263540e-01, 1.969157e-23
3.607214, 1.274208e+01, 0.000000e+00, 3.039750e+06, 6.000000e+02, 2.852239e-02, 9.864391e-22, 2.741533e-22, 2.263540e-01, 1.969157e-23
3.807615, 1.274208e+01, 0.000000e+00, 3.039750e+06, 6.000000e+02, 2.852239e-02, 9.864391e-22, 2.741533e-22, 2.263540e-01, 1.969157e-23
4.008016, 1.274208e+01, 0.000000e+00, 3.039750e+06, 6.000000e+02, 2.852239e-02, 9.864391e-22, 2.741533e-22, 2.263540e-01, 1.969157e-23
4.208417, 1.274208e+01, 0.000000e+00, 3.039750e+06, 6.000000e+02, 2.852239e-02, 9.864391e-22, 2.741533e-22, 2.263540e-01, 1.969157e-23
4.408818, 1.274208e+01, 0.000000e+00, 3.039750e+06, 6.000000e+02, 2.852239e-02, 9.864391e-22, 2.741533e-22, 2.263540e-01, 1.969157e-23
4.609218, 1.274208e+01, 0.000000e+00, 3.039750e+06, 6.000000e+02, 2.852239e-02, 9.864391e-22, 2.741533e-22, 2.263540e-01, 1.969157e-23
4.809619, 1.274208e+01, 0.000000e+00, 3.039750e+06, 6.000000e+02, 2.852239e-02, 9.864391e-22, 2.741533e-22, 2.263540e-01, 1.969157e-23
5.010020, 1.274208e+01, 0.000000e+00, 3.039750e+06, 6.000000e+02, 2.852239e-02, 9.864391e-22, 2.741533e-22, 2.263540e-01, 1.969157e-23
5.210421, 1.274208e+01, 0.000000e+00, 3.039750e+06, 6.000000e+02, 2.852239e-02, 9.864391e-22, 2.741533e-22, 2.263540e-01, 1.969157e-23
5.410822, 1.274208e+01, 0.000000e+00, 3.039750e+06, 6.000000e+02, 2.852239e-02, 9.864391e-22, 2.741533e-22, 2.263540e-01, 1.969157e-23
5.611222, 1.274208e+01, 0.000000e+00, 3.039750e+06, 6.000000e+02, 2.852239e-02, 9.864391e-22, 2.741533e-22, 2.263540e-01, 1.969157e-23
5.811623, 1.274208e+01, 0.000000e+00, 3.039750e+06, 6.000000e+02, 2.852239e-02, 9.864391e-22, 2.741533e-22, 2.263540e-01, 1.969157e-23
6.012024, 1.274208e+01, 0.000000e+00, 3.039750e+06, 6.000000e+02, 2.852239e-02, 9.864391e-22, 2.741533e-22, 2.263540e-01, 1.969157e-23
6.212425, 1.274208e+01, 0.000000e+00, 3.039750e+06, 6.000000e+02, 2.852239e-02, 9.864391e-22, 2.741533e-22, 2.263540e-01, 1.969157e-23
6.412826, 1.274208e+01, 0.000000e+00, 3.039750e+06, 6.000000e+02, 2.852239e-02, 9.864391e-22, 2.741533e-22, 2.263540e-01, 1.969157e-23
6.613226, 1.274208e+01, 0.000000e+00, 3.039750e+06, 6.000000e+02, 2.852239e-02, 9.864391e-22, 2.741533e-22, 2.263540e-01, 1.969157e-23
6.813627, 1.274208e+01, 0.000000e+00, 3.039750e+06, 6.000000e+02, 2.852239e-02, 9.864391e-22, 2.741533e-22, 2.263540e-01, 1.969157e-23
7.014028, 1.274208e+01, 0.000000e+00, 3.039750e+06, 6.000000e+02, 2.852239e-02, 9.864391e-22, 2.741533e-22, 2.263540e-01, 1.969157e-23
7.214429, 1.274208e+01, 0.000000e+00, 3.039750e+06, 6.000000e+02, 2.852239e-02, 9.864391e-22, 2.741533e-22, 2.263540e-01, 1.969157e-23
7.414830, 1.274208e+01, 0.000000e+00, 3.039750e+06, 6.000000e+02, 2.852239e-02, 9.864391e-22, 2.741533e-22, 2.263540e-01, 1.969157e-23
7.615230, 1.274208e+01, 0.000000e+00, 3.039750e+06, 6.000000e+02, 2.852239e-02, 9.864391e-22, 2.741533e-22, 2.263540e-01, 1.969157e-23
7.815631, 1.274208e+01, 0.000000e+00, 3.039750e+06, 6.000000e+02, 2.852239e-02, 9.864391e-22, 2.741533e-22, 2.263540e-01, 1.969157e-23
8.016032, 1.274208e+01, 0.000000e+00, 3.039750e+06, 6.000000e+02, 2.852239e-02, 9.864391e-22, 2.741533e-22, 2.263540e-01, 1.969157e-23
8.216433, 1.274208e+01, 0.000000e+00, 3.039750e+06, 6.000000e+02, 2.852239e-02, 9.864391e-22, 2.741533e-22, 2.263540e-01, 1.969157e-23
8.416834, 1.274208e+01, 0.000000e+00, 3.039750e+06, 6.000000e+02, 2.852239e-02, 9.864391e-22, 2.741533e-22, 2.263540e-01, 1.969157e-23
8.617234, 1.274208e+01, 0.000000e+00, 3.039750e+06, 6.000000e+02, 2.852239e-02, 9.864391e-22, 2.741533e-22, 2.263540e-01, 1.969157e-23
8.817635, 1.274208e+01, 0.000000e+00, 3.039750e+06, 6.000000e+02, 2.852239e-02, 9.864391e-22, 2.741533e-22, 2.263540e-01, 1.969157e-23
9.018036, 1.274208e+01, 0.000000e+00, 3.039750e+06, 6.000000e+02, 2.852239e-02, 9.864391e-22, 2.741533e-22, 2.263540e-01, 1.969157e-23
9.218437, 1.274208e+01, 0.000000e+00, 3.039750e+06, 6.000000e+02, 2.852239e-02, 9.864391e-22, 2.741533e-22, 2.263540e-01, 1.969157e-23
9.418838, 1.274208e+01, 0.000000e+00, 3.039750e+06, 6.000000e+02, 2.852239e-02, 9.864391e-22, 2.741533e-22, 2.263540e-01, 1.969157e-23
9.619238, 1.274208e+01, 0.000000e+00, 3.039750e+06, 6.000000e+02, 2.852239e-02, 9.864391e-22, 2.741533e-22, 2.263540e-01, 1.969157e-23
9.819639, 1.274208e+01, -8.923019e-15, 3.039750e+06, 6.000000e+02, 2.852239e-02, 9.864391e-22, 2.741533e-22, 2.263540e-01, 1.969157e-23
10.020040, 1.274208e+01, -1.058460e-13, 3.039750e+06, 6.000000e+02, 2.852239e-02, 9.864391e-22, 2.741533e-22, 2.263540e-01, 1.969157e-23
10.220441, 1.274208e+01, -6.002175e-13, 3.039750e+06, 6.000000e+02, 2.852239e-02, 9.864391e-22, 2.741533e-22, 2.263540e-01, 1.969157e-23
10.420842, 1.274208e+01, -2.488366e-12, 3.039750e+06, 6.000000e+02, 2.852239e-02, 9.864391e-22, 2.741533e-22, 2.263540e-01, 1.969157e-23
10.621242, 1.274208e+01, -9.515543e-12, 3.039750e+06, 6.000000e+02, 2.852239e-02, 9.864391e-22, 2.741533e-22, 2.263540e-01, 1.969157e-23
10.821643, 1.274208e+01, -3.481602e-11, 3.039750e+06, 6.000000e+02, 2.852239e-02, 9.864391e-22, 2.741533e-22, 2.263540e-01, 1.969157e-23
11.022044, 1.274208e+01, -1.246549e-10, 3.039750e+06, 6.000000e+02, 2.852239e-02, 9.864391e-22, 2.741533e-22, 2.263540e-01, 1.969157e-23
11.222445, 1.274208e+01, -4.390230e-10, 3.039750e+06, 6.000000e+02, 2.852239e-02, 9.864391e-22, 2.741533e-22, 2.263540e-01, 1.969157e-23
11.422846, 1.274208e+01, -1.520156e-09, 3.039750e+06, 6.000000e+02, 2.852239e-02, 9.864391e-22, 2.741533e-22, 2.263540e-01, 1.969157e-23
11.623246, 1.274208e+01, -5.175939e-09, 3.039750e+06, 6.000000e+02, 2.852239e-02, 9.864391e-22, 2.741533e-22, 2.263540e-01, 1.969157e-23
11.823647, 1.274208e+01, -1.733228e-08, 3.039750e+06, 6.000000e+02, 2.852239e-02, 9.864391e-22, 2.741533e-22, 2.263540e-01, 1.969157e-23
12.024048, 1.274208e+01, -5.708371e-08, 3.039750e+06, 6.000000e+02, 2.852239e-02, 9.864391e-22, 2.741533e-22, 2.263540e-01, 1.969157e-23
12.224449, 1.274208e+01, -1.849161e-07, 3.039750e+06, 6.000000e+02, 2.852239e-02, 9.864391e-22, 2.741533e-22, 2.263540e-01, 1.969157e-23
12.424850, 1.274208e+01, -5.892028e-07, 3.039750e+06, 6.000000e+02, 2.852239e-02, 9.864391e-22, 2.741533e-22, 2.263540e-01, 1.969157e-23
12.625251, 1.274208e+01, -1.846779e-06, 3.039750e+06, 6.000000e+02, 2.852239e-02, 9.864391e-22, 2.741533e-22, 2.263540e-01, 1.969157e-23
12.825651, 1.274208e+01, -5.694702e-06, 3.039750e+06, 6.000000e+02, 2.852239e-02, 9.864391e-22, 2.741533e-22, 2.263540e-01, 1.969157e-23
13.026052, 1.274208e+01, -1.727804e-05, 3.039750e+06, 6.000000e+02, 2.852239e-02, 9.864391e-22, 2.741533e-22, 2.263540e-01, 1.969157e-23
13.226453, 1.274208e+01, -5.158957e-05, 3.039750e+06, 6.000000e+02, 2.852239e-02, 9.864390e-22, 2.741533e-22, 2.263540e-01, 1.969158e-23
13.426854, 1.274209e+01, -1.516238e-04, 3.039751e+06, 6.000000e+02, 2.852239e-02, 9.864388e-22, 2.741532e-22, 2.263540e-01, 1.969157e-23
13.627255, 1.274209e+01, -4.387546e-04, 3.039752e+06, 6.000000e+02, 2.852239e-02, 9.864383e-22, 2.741531e-22, 2.263540e-01, 1.969157e-23
13.827655, 1.274211e+01, -1.250409e-03, 3.039757e+06, 6.000000e+02, 2.852239e-02, 9.864368e-22, 2.741527e-22, 2.263540e-01, 1.969154e-23
14.028056, 1.274216e+01, -3.510762e-03, 3.039770e+06, 6.000000e+02, 2.852239e-02, 9.864327e-22, 2.741515e-22, 2.263540e-01, 1.969146e-23
14.228457, 1.274231e+01, -9.714596e-03, 3.039805e+06, 6.000000e+02, 2.852239e-02, 9.864213e-22, 2.741484e-22, 2.263540e-01, 1.969123e-23
14.428858, 1.274271e+01, -2.650231e-02, 3.039900e+06, 6.000000e+02, 2.852239e-02, 9.863904e-22, 2.741399e-22, 2.263540e-01, 1.969062e-23
14.629259, 1.274378e+01, -7.130702e-02, 3.040155e+06, 6.000000e+02, 2.852239e-02, 9.863079e-22, 2.741171e-22, 2.263540e-01, 1.968898e-23
14.829659, 1.274659e+01, -1.892718e-01, 3.040825e+06, 6.000000e+02, 2.852239e-02, 9.860907e-22, 2.740572e-22, 2.263540e-01, 1.968467e-23
15.030060, 1.275389e+01, -4.956191e-01, 3.042568e+06, 6.000000e+02, 2.852239e-02, 9.855266e-22, 2.739015e-22, 2.263540e-01, 1.967345e-23
15.230461, 1.277261e+01, -1.279471e+00, 3.047033e+06, 6.000000e+02, 2.852239e-02, 9.840844e-22, 2.735034e-22, 2.263540e-01, 1.964478e-23
15.430862, 1.281973e+01, -3.248829e+00, 3.058275e+06, 6.000000e+02, 2.852239e-02, 9.804718e-22, 2.725058e-22, 2.263540e-01, 1.957293e-23
15.631263, 1.293551e+01, -8.063776e+00, 3.085895e+06, 6.000000e+02, 2.852239e-02, 9.717084e-22, 2.700846e-22, 2.263540e-01, 1.940107e-23
15.831663, 1.320845e+01, -1.927967e+01, 3.151006e+06, 6.000000e+02, 2.852239e-02, 9.516795e-22, 2.645461e-22, 2.263540e-01, 1.980290e-23
16.032064, 1.380573e+01, -4.310888e+01, 3.293495e+06, 6.000000e+02, 2.852239e-02, 9.128697e-22, 2.538125e-22, 2.263540e-01, 1.047534e-22
16.232465, 1.495736e+01, -8.618350e+01, 3.568226e+06, 6.000000e+02, 2.852238e-02, 9.250430e-22, 2.571930e-22, 2.263540e-01, 3.317820e-21
16.432866, 1.680164e+01, -1.479689e+02, 4.008196e+06, 6.000000e+02, 2.852227e-02, 1.974510e-21, 5.486170e-22, 2.263531e-01, 5.079651e-20
16.633267, 1.916440e+01, -2.166202e+02, 4.571835e+06, 6.000000e+02, 2.852141e-02, 9.351029e-21, 2.598679e-21, 2.263462e-01, 3.844859e-19
16.833667, 2.158751e+01, -2.775984e+02, 5.149782e+06, 6.000000e+02, 2.851749e-02, 3.816848e-20, 1.060724e-20, 2.263149e-01, 1.768597e-18
17.034068, 2.362768e+01, -3.231124e+02, 5.636108e+06, 6.000000e+02, 2.850509e-02, 1.180090e-19, 3.279611e-20, 2.262158e-01, 5.838039e-18
17.234469, 2.506611e+01, -3.524545e+02, 5.978272e+06, 6.000000e+02, 2.847442e-02, 2.960164e-19, 8.226284e-20, 2.259708e-01, 1.542645e-17
17.434870, 2.589424e+01, -3.682625e+02, 6.173717e+06, 6.000000e+02, 2.841046e-02, 6.366435e-19, 1.768993e-19, 2.254599e-01, 3.487688e-17
17.635271, 2.620999e+01, -3.737741e+02, 6.245157e+06, 6.000000e+02, 2.829270e-02, 1.214039e-18, 3.372522e-19, 2.245194e-01, 7.026571e-17
17.835671, 2.613673e+01, -3.717144e+02, 6.221291e+06, 6.000000e+02, 2.809576e-02, 2.095173e-18, 5.817736e-19, 2.229467e-01, 1.294754e-16
18.036072, 2.578438e+01, -3.640930e+02, 6.127638e+06, 6.000000e+02, 2.779091e-02, 3.317444e-18, 9.204924e-19, 2.205128e-01, 2.221121e-16
18.236473, 2.523808e+01, -3.523145e+02, 5.983920e+06, 6.000000e+02, 2.734861e-02, 4.871056e-18, 1.350050e-18, 2.169824e-01, 3.593167e-16
18.436874, 2.455995e+01, -3.373311e+02, 5.804591e+06, 6.000000e+02, 2.674172e-02, 6.698079e-18, 1.853390e-18, 2.121394e-01, 5.535324e-16
18.637275, 2.379384e+01, -3.197869e+02, 5.600064e+06, 6.000000e+02, 2.594886e-02, 8.713398e-18, 2.405633e-18, 2.058143e-01, 8.182776e-16
18.837675, 2.297026e+01, -3.001241e+02, 5.377917e+06, 6.000000e+02, 2.495755e-02, 1.083998e-17, 2.984025e-18, 1.979088e-01, 1.167959e-15
19.038076, 2.211024e+01, -2.786573e+02, 5.143827e+06, 6.000001e+02, 2.376624e-02, 1.304253e-17, 3.577387e-18, 1.884119e-01, 1.617746e-15
19.238477, 2.122835e+01, -2.556251e+02, 4.902235e+06, 6.000001e+02, 2.238501e-02, 1.534683e-17, 4.191602e-18, 1.774058e-01, 2.183575e-15
19.438878, 2.033504e+01, -2.312269e+02, 4.656796e+06, 6.000002e+02, 2.083456e-02, 1.784363e-17, 4.850462e-18, 1.650574e-01, 2.882441e-15
19.639279, 1.943850e+01, -2.056520e+02, 4.410696e+06, 6.000003e+02, 1.914376e-02, 2.068708e-17, 5.595396e-18, 1.515980e-01, 3.733369e-15
19.839679, 1.854617e+01, -1.791042e+02, 4.166864e+06, 6.000005e+02, 1.734584e-02, 2.410449e-17, 6.488250e-18, 1.372942e-01, 4.759939e-15
20.040080, 1.766608e+01, -1.518263e+02, 3.928137e+06, 6.000008e+02, 1.547386e-02, 2.844441e-17, 7.625910e-18, 1.224099e-01, 5.996287e-15
20.240481, 1.680775e+01, -1.241219e+02, 3.697338e+06, 6.000014e+02, 1.355537e-02, 3.432055e-17, 9.184066e-18, 1.071647e-01, 7.501013e-15
20.440882, 1.598277e+01, -9.637348e+01, 3.477284e+06, 6.000026e+02, 1.160575e-02, 4.300308e-17, 1.154375e-17, 9.168072e-02, 9.390192e-15
20.641283, 1.520481e+01, -6.905850e+01, 3.270642e+06, 6.000055e+02, 9.618266e-03, 5.755383e-17, 1.569983e-17, 7.590277e-02, 1.192619e-14
20.841683, 1.448800e+01, -4.282011e+01, 3.079322e+06, 6.000162e+02, 7.544235e-03, 8.725281e-17, 2.517085e-17, 5.944021e-02, 1.585290e-14
21.042084, 1.383931e+01, -1.878454e+01, 2.902370e+06, 6.001090e+02, 5.239010e-03, 1.805151e-16, 6.534703e-17, 4.112102e-02, 2.476966e-14
21.242485, 1.034712e+01, -6.105072e+01, 2.367092e+06, 6.662451e+02, 2.330656e-03, 4.117340e-14, 6.623241e-14, 1.762131e-02, 4.303642e-12
21.442886, 2.410124e+00, -7.913697e+01, 2.418132e+06, 2.906133e+03, 1.923297e-03, 1.524237e-04, 9.803638e-04, 1.048605e-02, 1.061609e-02
21.643287, 2.031733e+00, -7.094680e+01, 2.337765e+06, 3.247036e+03, 3.811890e-03, 6.004992e-04, 4.210245e-03, 1.956318e-02, 2.383148e-02
21.843687, 1.950343e+00, -6.691239e+01, 2.247842e+06, 3.249392e+03, 3.869374e-03, 6.211113e-04, 4.357655e-03, 1.985621e-02, 2.421264e-02
22.044088, 1.844906e+00, -7.919165e+01, 2.126836e+06, 3.247567e+03, 3.917894e-03, 6.397136e-04, 4.487415e-03, 2.012070e-02, 2.450768e-02
22.244489, 1.696753e+00, -1.222826e+02, 1.954157e+06, 3.241510e+03, 3.971365e-03, 6.615916e-04, 4.636442e-03, 2.043135e-02, 2.480334e-02
22.444890, 1.509394e+00, -2.039690e+02, 1.734558e+06, 3.230933e+03, 4.033472e-03, 6.885394e-04, 4.816634e-03, 2.081051e-02, 2.511926e-02
22.645291, 1.323550e+00, -3.071008e+02, 1.516645e+06, 3.218092e+03, 4.097301e-03, 7.175958e-04, 5.008672e-03, 2.121245e-02, 2.542657e-02
22.845691, 1.189371e+00, -3.880921e+02, 1.359780e+06, 3.207744e+03, 4.149857e-03, 7.421669e-04, 5.170802e-03, 2.154477e-02, 2.567894e-02
23.046092, 1.121690e+00, -4.152369e+02, 1.281219e+06, 3.202848e+03, 4.183735e-03, 7.578619e-04, 5.275806e-03, 2.175124e-02, 2.585426e-02
23.246493, 1.099358e+00, -3.976183e+02, 1.255890e+06, 3.202246e+03, 4.202461e-03, 7.660589e-04, 5.332648e-03, 2.185500e-02, 2.596729e-02
23.446894, 1.097783e+00, -3.582705e+02, 1.254848e+06, 3.203598e+03, 4.212960e-03, 7.702096e-04, 5.363197e-03, 2.190462e-02, 2.604383e-02
23.647295, 1.103480e+00, -3.105004e+02, 1.262250e+06, 3.205499e+03, 4.219586e-03, 7.725435e-04, 5.381600e-03, 2.193060e-02, 2.610032e-02
23.847695, 1.110837e+00, -2.598716e+02, 1.271501e+06, 3.207360e+03, 4.224283e-03, 7.740566e-04, 5.394210e-03, 2.194640e-02, 2.614440e-02
24.048096, 1.117707e+00, -2.084617e+02, 1.280080e+06, 3.208967e+03, 4.227844e-03, 7.751498e-04, 5.403604e-03, 2.195736e-02, 2.617935e-02
24.248497, 1.123287e+00, -1.569815e+02, 1.287042e+06, 3.210246e+03, 4.230591e-03, 7.759830e-04, 5.410824e-03, 2.196562e-02, 2.620664e-02
24.448898, 1.127281e+00, -1.056293e+02, 1.292036e+06, 3.211176e+03, 4.232664e-03, 7.766221e-04, 5.416308e-03, 2.197203e-02, 2.622695e-02
24.649299, 1.129577e+00, -5.441243e+01, 1.294931e+06, 3.211751e+03, 4.234129e-03, 7.770966e-04, 5.420258e-03, 2.197697e-02, 2.624067e-02
24.849699, 1.130129e+00, -3.269852e+00, 1.295674e+06, 3.211977e+03, 4.235053e-03, 7.774348e-04, 5.422875e-03, 2.198079e-02, 2.624826e-02
25.050100, 1.128829e+00, 4.780744e+01, 1.294137e+06, 3.211836e+03, 4.235433e-03, 7.776395e-04, 5.424162e-03, 2.198354e-02, 2.624955e-02
25.250501, 1.125704e+00, 9.874891e+01, 1.290330e+06, 3.211295e+03, 4.235031e-03, 7.776165e-04, 5.423421e-03, 2.198413e-02, 2.624280e-02
25.450902, 1.120894e+00, 1.495448e+02, 1.284439e+06, 3.210401e+03, 4.234025e-03, 7.774304e-04, 5.421156e-03, 2.198328e-02, 2.622948e-02
25.651303, 1.114466e+00, 2.002535e+02, 1.276547e+06, 3.209160e+03, 4.232404e-03, 7.770748e-04, 5.417328e-03, 2.198088e-02, 2.620959e-02
25.851703, 1.106556e+00, 2.508542e+02, 1.266818e+06, 3.207582e+03, 4.230116e-03, 7.765243e-04, 5.411770e-03, 2.197662e-02, 2.618286e-02
26.052104, 1.097516e+00, 3.010977e+02, 1.255669e+06, 3.205697e+03, 4.227024e-03, 7.757117e-04, 5.404044e-03, 2.196959e-02, 2.614867e-02
26.252505, 1.088314e+00, 3.500799e+02, 1.244240e+06, 3.203600e+03, 4.222772e-03, 7.744560e-04, 5.392985e-03, 2.195740e-02, 2.610555e-02
26.452906, 1.081668e+00, 3.950404e+02, 1.235729e+06, 3.201578e+03, 4.216404e-03, 7.722639e-04, 5.375443e-03, 2.193341e-02, 2.604972e-02
26.653307, 1.085025e+00, 4.282756e+02, 1.238888e+06, 3.200439e+03, 4.205413e-03, 7.678337e-04, 5.343168e-03, 2.188004e-02, 2.597178e-02
26.853707, 1.116423e+00, 4.312591e+02, 1.274919e+06, 3.202103e+03, 4.184159e-03, 7.582476e-04, 5.277727e-03, 2.175727e-02, 2.585115e-02
27.054108, 1.204993e+00, 3.772719e+02, 1.378168e+06, 3.209255e+03, 4.145045e-03, 7.397401e-04, 5.155319e-03, 2.151146e-02, 2.566023e-02
27.254509, 1.361886e+00, 2.712950e+02, 1.562051e+06, 3.221660e+03, 4.088378e-03, 7.130253e-04, 4.980048e-03, 2.114748e-02, 2.539712e-02
27.454910, 1.549015e+00, 1.630690e+02, 1.781778e+06, 3.234395e+03, 4.026696e-03, 6.849992e-04, 4.794942e-03, 2.075814e-02, 2.510191e-02
27.655311, 1.711660e+00, 9.184893e+01, 1.972391e+06, 3.243218e+03, 3.972379e-03, 6.615868e-04, 4.637943e-03, 2.042885e-02, 2.482214e-02
27.855711, 1.829959e+00, 6.003347e+01, 2.110035e+06, 3.247712e+03, 3.927540e-03, 6.433419e-04, 4.513154e-03, 2.017104e-02, 2.456994e-02
28.056112, 1.917043e+00, 5.224820e+01, 2.209841e+06, 3.249067e+03, 3.885819e-03, 6.273098e-04, 4.401139e-03, 1.994449e-02, 2.431474e-02
28.256513, 1.992084e+00, 5.458006e+01, 2.293381e+06, 3.247532e+03, 3.835697e-03, 6.090837e-04, 4.271217e-03, 1.968666e-02, 2.398591e-02
28.456914, 2.267667e+00, 5.913428e+01, 2.375201e+06, 3.014189e+03, 2.450048e-03, 2.448642e-04, 1.623393e-03, 1.310180e-02, 1.412382e-02
28.657315, 9.352160e+00, 4.497531e+01, 2.407386e+06, 7.505584e+02, 2.204084e-03, 1.977721e-12, 1.894817e-12, 1.606171e-02, 3.038062e-10
28.857715, 1.347415e+01, 1.182755e+01, 2.826932e+06, 6.012623e+02, 5.037135e-03, 2.641224e-16, 8.953114e-17, 3.908304e-02, 5.120155e-14
29.058116, 1.408777e+01, 3.362256e+01, 2.990344e+06, 6.000559e+02, 7.359352e-03, 1.258134e-16, 3.372482e-17, 5.756902e-02, 3.066851e-14
29.258517, 1.474207e+01, 5.780542e+01, 3.166540e+06, 6.000129e+02, 9.413498e-03, 8.321244e-17, 2.121273e-17, 7.390056e-02, 2.261621e-14
29.458918, 1.545282e+01, 8.307097e+01, 3.356371e+06, 6.000053e+02, 1.135526e-02, 6.192133e-17, 1.569274e-17, 8.934394e-02, 1.745485e-14
29.659319, 1.620857e+01, 1.087594e+02, 3.558378e+06, 6.000027e+02, 1.323845e-02, 4.899056e-17, 1.249429e-17, 1.043303e-01, 1.370849e-14
29.859719, 1.699765e+01, 1.344436e+02, 3.770399e+06, 6.000016e+02, 1.507694e-02, 4.016679e-17, 1.034767e-17, 1.189705e-01, 1.082563e-14
30.060120, 1.781071e+01, 1.598000e+02, 3.990283e+06, 6.000010e+02, 1.686374e-02, 3.367529e-17, 8.771006e-18, 1.332086e-01, 8.536910e-15
30.260521, 1.864049e+01, 1.845791e+02, 4.215966e+06, 6.000006e+02, 1.858048e-02, 2.864581e-17, 7.541676e-18, 1.468975e-01, 6.691009e-15
30.460922, 1.948129e+01, 2.085868e+02, 4.445456e+06, 6.000004e+02, 2.020328e-02, 2.458364e-17, 6.537471e-18, 1.598457e-01, 5.193655e-15
30.661323, 2.032826e+01, 2.316663e+02, 4.676775e+06, 6.000003e+02, 2.170706e-02, 2.116858e-17, 5.680549e-18, 1.718513e-01, 3.980444e-15
30.861723, 2.117659e+01, 2.536809e+02, 4.907863e+06, 6.000002e+02, 2.306900e-02, 1.817569e-17, 4.916249e-18, 1.827305e-01, 3.003570e-15
31.062124, 2.202050e+01, 2.744980e+02, 5.136433e+06, 6.000001e+02, 2.427132e-02, 1.544679e-17, 4.206398e-18, 1.923392e-01, 2.225051e-15
31.262525, 2.285199e+01, 2.939727e+02, 5.359777e+06, 6.000001e+02, 2.530321e-02, 1.288419e-17, 3.528111e-18, 2.005897e-01, 1.613173e-15
31.462926, 2.365943e+01, 3.119285e+02, 5.574493e+06, 6.000000e+02, 2.616195e-02, 1.045112e-17, 2.874551e-18, 2.074584e-01, 1.140584e-15
31.663327, 2.442578e+01, 3.281317e+02, 5.776108e+06, 6.000000e+02, 2.685289e-02, 8.167617e-18, 2.254104e-18, 2.129869e-01, 7.832529e-16
31.863727, 2.512628e+01, 3.422556e+02, 5.958558e+06, 6.000000e+02, 2.738863e-02, 6.094490e-18, 1.686146e-18, 2.172747e-01, 5.198828e-16
32.064128, 2.572553e+01, 3.538294e+02, 6.113468e+06, 6.000000e+02, 2.778735e-02, 4.305636e-18, 1.193306e-18, 2.204669e-01, 3.315990e-16
32.264529, 2.617373e+01, 3.621638e+02, 6.229241e+06, 6.000000e+02, 2.807080e-02, 2.857363e-18, 7.928391e-19, 2.227366e-01, 2.017996e-16
32.464930, 2.640270e+01, 3.662506e+02, 6.290041e+06, 6.000000e+02, 2.826203e-02, 1.767056e-18, 4.906688e-19, 2.242682e-01, 1.161136e-16
32.665331, 2.632295e+01, 3.646460e+02, 6.275031e+06, 6.000000e+02, 2.838341e-02, 1.008880e-18, 2.802635e-19, 2.252405e-01, 6.241246e-17
32.865731, 2.582643e+01, 3.553726e+02, 6.158978e+06, 6.000000e+02, 2.845500e-02, 5.249976e-19, 1.458784e-19, 2.258140e-01, 3.081388e-17
33.066132, 2.480569e+01, 3.359041e+02, 5.916749e+06, 6.000000e+02, 2.849353e-02, 2.440599e-19, 6.782434e-20, 2.261228e-01, 1.362544e-17
33.266533, 2.319964e+01, 3.035465e+02, 5.534201e+06, 6.000000e+02, 2.851193e-02, 9.804196e-20, 2.724673e-20, 2.262702e-01, 5.185376e-18
33.466934, 2.107196e+01, 2.566716e+02, 5.026847e+06, 6.000000e+02, 2.851939e-02, 3.225587e-20, 8.963797e-21, 2.263300e-01, 1.591579e-18
33.667335, 1.868417e+01, 1.972108e+02, 4.457280e+06, 6.000000e+02, 2.852177e-02, 8.191637e-21, 2.276416e-21, 2.263491e-01, 3.550697e-19
33.867735, 1.646004e+01, 1.332898e+02, 3.926703e+06, 6.000000e+02, 2.852231e-02, 1.880070e-21, 5.223677e-22, 2.263534e-01, 4.948663e-20
34.068136, 1.477426e+01, 7.764253e+01, 3.524547e+06, 6.000000e+02, 2.852238e-02, 9.364430e-22, 2.603519e-22, 2.263540e-01, 3.605860e-21
34.268537, 1.373106e+01, 3.935088e+01, 3.275681e+06, 6.000000e+02, 2.852239e-02, 9.183445e-22, 2.553324e-22, 2.263540e-01, 1.333475e-22
34.468938, 1.318514e+01, 1.799929e+01, 3.145445e+06, 6.000000e+02, 2.852239e-02, 9.533755e-22, 2.650169e-22, 2.263540e-01, 2.050064e-23
34.669339, 1.293061e+01, 7.732073e+00, 3.084725e+06, 6.000000e+02, 2.852239e-02, 9.720760e-22, 2.701871e-22, 2.263540e-01, 1.941302e-23
34.869739, 1.281988e+01, 3.204494e+00, 3.058309e+06, 6.000000e+02, 2.852239e-02, 9.804606e-22, 2.725031e-22, 2.263540e-01, 1.957273e-23
35.070140, 1.277356e+01, 1.299382e+00, 3.047259e+06, 6.000000e+02, 2.852239e-02, 9.840114e-22, 2.734834e-22, 2.263540e-01, 1.964333e-23
35.270541, 1.275463e+01, 5.188006e-01, 3.042744e+06, 6.000000e+02, 2.852239e-02, 9.854696e-22, 2.738858e-22, 2.263540e-01, 1.967232e-23
35.470942, 1.274702e+01, 2.045111e-01, 3.040929e+06, 6.000000e+02, 2.852239e-02, 9.860571e-22, 2.740479e-22, 2.263540e-01, 1.968400e-23
35.671343, 1.274401e+01, 7.967825e-02, 3.040209e+06, 6.000000e+02, 2.852239e-02, 9.862903e-22, 2.741123e-22, 2.263540e-01, 1.968864e-23
35.871743, 1.274282e+01, 3.069140e-02, 3.039927e+06, 6.000000e+02, 2.852239e-02, 9.863818e-22, 2.741375e-22, 2.263540e-01, 1.969045e-23
36.072144, 1.274236e+01, 1.168868e-02, 3.039817e+06, 6.000000e+02, 2.852239e-02, 9.864173e-22, 2.741473e-22, 2.263540e-01, 1.969116e-23
36.272545, 1.274219e+01, 4.400978e-03, 3.039775e+06, 6.000000e+02, 2.852239e-02, 9.864309e-22, 2.741510e-22, 2.263540e-01, 1.969142e-23
36.472946, 1.274212e+01, 1.637976e-03, 3.039759e+06, 6.000000e+02, 2.852239e-02, 9.864361e-22, 2.741525e-22, 2.263540e-01, 1.969152e-23
36.673347, 1.274210e+01, 6.025207e-04, 3.039753e+06, 6.000000e+02, 2.852239e-02, 9.864380e-22, 2.741530e-22, 2.263540e-01, 1.969156e-23
36.873747, 1.274209e+01, 2.190140e-04, 3.039751e+06, 6.000000e+02, 2.852239e-02, 9.864387e-22, 2.741532e-22, 2.263540e-01, 1.969157e-23
37.074148, 1.274208e+01, 7.865729e-05, 3.039750e+06, 6.000000e+02, 2.852239e-02, 9.864390e-22, 2.741533e-22, 2.263540e-01, 1.969158e-23
37.274549, 1.274208e+01, 2.790677e-05, 3.039750e+06, 6.000000e+02, 2.852239e-02, 9.864391e-22, 2.741533e-22, 2.263540e-01, 1.969158e-23
37.474950, 1.274208e+01, 9.779707e-06, 3.039750e+06, 6.000000e+02, 2.852239e-02, 9.864391e-22, 2.741533e-22, 2.263540e-01, 1.969157e-23
37.675351, 1.274208e+01, 3.384833e-06, 3.039750e+06, 6.000000e+02, 2.852239e-02, 9.864391e-22, 2.741533e-22, 2.263540e-01, 1.969157e-23
37.875752, 1.274208e+01, 1.156915e-06, 3.039750e+06, 6.000000e+02, 2.852239e-02, 9.864391e-22, 2.741533e-22, 2.263540e-01, 1.969157e-23
38.076152, 1.274208e+01, 3.904715e-07, 3.039750e+06, 6.000000e+02, 2.852239e-02, 9.864391e-22, 2.741533e-22, 2.263540e-01, 1.969157e-23
38.276553, 1.274208e+01, 1.301466e-07, 3.039750e+06, 6.000000e+02, 2.852239e-02, 9.864391e-22, 2.741533e-22, 2.263540e-01, 1.969157e-23
38.476954, 1.274208e+01, 4.289421e-08, 3.039750e+06, 6.000000e+02, 2.852239e-02, 9.864391e-22, 2.741533e-22, 2.263540e-01, 1.969157e-23
38.677355, 1.274208e+01, 1.416404e-08, 3.039750e+06, 6.000000e+02, 2.852239e-02, 9.864391e-22, 2.741533e-22, 2.263540e-01, 1.969157e-23
38.877756, 1.274208e+01, 5.265004e-09, 3.039750e+06, 6.000000e+02, 2.852239e-02, 9.864391e-22, 2.741533e-22, 2.263540e-01, 1.969157e-23
39.078156, 1.274208e+01, 3.896688e-09, 3.039750e+06, 6.000000e+02, 2.852239e-02, 9.864391e-22, 2.741533e-22, 2.263540e-01, 1.969157e-23
39.278557, 1.274208e+01, 7.963885e-09, 3.039750e+06, 6.000000e+02, 2.852239e-02, 9.864391e-22, 2.741533e-22, 2.263540e-01, 1.969157e-23
39.478958, 1.274208e+01, 2.245038e-08, 3.039750e+06, 6.000000e+02, 2.852239e-02, 9.864391e-22, 2.741533e-22, 2.263540e-01, 1.969157e-23
39.679359, 1.274208e+01, 6.486081e-08, 3.039750e+06, 6.000000e+02, 2.852239e-02, 9.864391e-22, 2.741533e-22, 2.263540e-01, 1.969157e-23
39.879760, 1.274208e+01, 1.843343e-07, 3.039750e+06, 6.000000e+02, 2.852239e-02, 9.864391e-22, 2.741533e-22, 2.263540e-01, 1.969157e-23
40.080160, 1.274208e+01, 5.129160e-07, 3.039750e+06, 6.000000e+02, 2.852239e-02, 9.864391e-22, 2.741533e-22, 2.263540e-01, 1.969157e-23
40.280561, 1.274208e+01, 1.396189e-06, 3.039750e+06, 6.000000e+02, 2.852239e-02, 9.864391e-22, 2.741533e-22, 2.263540e-01, 1.969157e-23
40.480962, 1.274208e+01, 3.716323e-06, 3.039750e+06, 6.000000e+02, 2.852239e-02, 9.864391e-22, 2.741533e-22, 2.263540e-01, 1.969157e-23
40.681363, 1.274208e+01, 9.668958e-06, 3.039750e+06, 6.000000e+02, 2.852239e-02, 9.864391e-22, 2.741533e-22, 2.263540e-01, 1.969158e-23
40.881764, 1.274208e+01, 2.457896e-05, 3.039750e+06, 6.000000e+02, 2.852239e-02, 9.864391e-22, 2.741533e-22, 2.263540e-01, 1.969158e-23
41.082164, 1.274208e+01, 6.102083e-05, 3.039750e+06, 6.000000e+02, 2.852239e-02, 9.864392e-22, 2.741533e-22, 2.263540e-01, 1.969158e-23
41.282565, 1.274208e+01, 1.478867e-04, 3.039749e+06, 6.000000e+02, 2.852239e-02, 9.864394e-22, 2.741534e-22, 2.263540e-01, 1.969159e-23
41.482966, 1.274207e+01, 3.497143e-04, 3.039748e+06, 6.000000e+02, 2.852239e-02, 9.864398e-22, 2.741535e-22, 2.263540e-01, 1.969160e-23
41.683367, 1.274206e+01, 8.065280e-04, 3.039745e+06, 6.000000e+02, 2.852239e-02, 9.864406e-22, 2.741537e-22, 2.263540e-01, 1.969162e-23
41.883768, 1.274204e+01, 1.813118e-03, 3.039740e+06, 6.000000e+02, 2.852239e-02, 9.864425e-22, 2.741542e-22, 2.263540e-01, 1.969166e-23
42.084168, 1.274199e+01, 3.971028e-03, 3.039727e+06, 6.000000e+02, 2.852239e-02, 9.864465e-22, 2.741553e-22, 2.263540e-01, 1.969174e-23
42.284569, 1.274188e+01, 8.468561e-03, 3.039701e+06, 6.000000e+02, 2.852239e-02, 9.864549e-22, 2.741577e-22, 2.263540e-01, 1.969191e-23
42.484970, 1.274166e+01, 1.757504e-02, 3.039649e+06, 6.000000e+02, 2.852239e-02, 9.864719e-22, 2.741624e-22, 2.263540e-01, 1.969225e-23
42.685371, 1.274122e+01, 3.547353e-02, 3.039545e+06, 6.000000e+02, 2.852239e-02, 9.865054e-22, 2.741716e-22, 2.263540e-01, 1.969292e-23
42.885772, 1.274040e+01, 6.959358e-02, 3.039348e+06, 6.000000e+02, 2.852239e-02, 9.865694e-22, 2.741894e-22, 2.263540e-01, 1.969419e-23
43.086172, 1.273886e+01, 1.326242e-01, 3.038982e+06, 6.000000e+02, 2.852239e-02, 9.866878e-22, 2.742222e-22, 2.263540e-01, 1.969655e-23
43.286573, 1.273612e+01, 2.453582e-01, 3.038327e+06, 6.000000e+02, 2.852239e-02, 9.869001e-22, 2.742809e-22, 2.263540e-01, 1.970078e-23
43.486974, 1.273136e+01, 4.404041e-01, 3.037191e+06, 6.000000e+02, 2.852239e-02, 9.872682e-22, 2.743829e-22, 2.263540e-01, 1.970812e-23
43.687375, 1.272338e+01, 7.665672e-01, 3.035289e+06, 6.000000e+02, 2.852239e-02, 9.878854e-22, 2.745539e-22, 2.263540e-01, 1.972042e-23
43.887776, 1.271048e+01, 1.293350e+00, 3.032211e+06, 6.000000e+02, 2.852239e-02, 9.888851e-22, 2.748310e-22, 2.263540e-01, 1.974034e-23
44.088176, 1.269034e+01, 2.114619e+00, 3.027407e+06, 6.000000e+02, 2.852239e-02, 9.904495e-22, 2.752648e-22, 2.263540e-01, 1.977152e-23
44.288577, 1.266003e+01, 3.350190e+00, 3.020175e+06, 6.000000e+02, 2.852239e-02, 9.928131e-22, 2.759202e-22, 2.263540e-01, 1.981863e-23
44.488978, 1.261602e+01, 5.144081e+00, 3.009676e+06, 6.000000e+02, 2.852239e-02, 9.962637e-22, 2.768773e-22, 2.263540e-01, 1.988742e-23
44.689379, 1.255441e+01, 7.658646e+00, 2.994978e+06, 6.000000e+02, 2.852239e-02, 1.001133e-21, 2.782282e-22, 2.263540e-01, 1.998450e-23
44.889780, 1.247118e+01, 1.106475e+01, 2.975123e+06, 6.000000e+02, 2.852239e-02, 1.007785e-21, 2.800740e-22, 2.263540e-01, 2.011713e-23
45.090180, 1.236258e+01, 1.552919e+01, 2.949216e+06, 6.000000e+02, 2.852239e-02, 1.016596e-21, 2.825191e-22, 2.263540e-01, 2.029280e-23
45.290581, 1.222551e+01, 2.120154e+01, 2.916518e+06, 6.000000e+02, 2.852239e-02, 1.027933e-21, 2.856659e-22, 2.263540e-01, 2.051887e-23
45.490982, 1.205789e+01, 2.820270e+01, 2.876528e+06, 6.000000e+02, 2.852239e-02, 1.042140e-21, 2.896100e-22, 2.263540e-01, 2.080219e-23
45.691383, 1.185880e+01, 3.661717e+01, 2.829034e+06, 6.000000e+02, 2.852239e-02, 1.059526e-21, 2.944366e-22, 2.263540e-01, 2.114889e-23
45.891784, 1.162863e+01, 4.649000e+01, 2.774126e+06, 6.000000e+02, 2.852239e-02, 1.080352e-21, 3.002192e-22, 2.263540e-01, 2.156423e-23
46.092184, 1.136897e+01, 5.782810e+01, 2.712181e+06, 6.000000e+02, 2.852239e-02, 1.104842e-21, 3.070193e-22, 2.263540e-01, 2.205264e-23
46.292585, 1.108239e+01, 7.060530e+01, 2.643814e+06, 6.000000e+02, 2.852239e-02, 1.133181e-21, 3.148883e-22, 2.263540e-01, 2.261779e-23
46.492986, 1.077218e+01, 8.476939e+01, 2.569812e+06, 6.000000e+02, 2.852239e-02, 1.165531e-21, 3.238718e-22, 2.263540e-01, 2.326296e-23
46.693387, 1.044209e+01, 1.002501e+02, 2.491065e+06, 6.000000e+02, 2.852239e-02, 1.202034e-21, 3.340085e-22, 2.263540e-01, 2.399093e-23
46.893788, 1.009602e+01, 1.169669e+02, 2.408505e+06, 6.000000e+02, 2.852239e-02, 1.242833e-21, 3.453382e-22, 2.263540e-01, 2.480456e-23
47.094188, 9.737800e+00, 1.348359e+02, 2.323049e+06, 6.000000e+02, 2.852239e-02, 1.288078e-21, 3.579026e-22, 2.263540e-01, 2.570683e-23
47.294589, 9.371047e+00, 1.537756e+02, 2.235556e+06, 6.000000e+02, 2.852239e-02, 1.337942e-21, 3.717494e-22, 2.263540e-01, 2.670119e-23
47.494990, 8.999011e+00, 1.737118e+02, 2.146803e+06, 6.000000e+02, 2.852239e-02, 1.392632e-21, 3.869360e-22, 2.263540e-01, 2.779175e-23
47.695391, 8.624506e+00, 1.945818e+02, 2.057462e+06, 6.000000e+02, 2.852239e-02, 1.452393e-21, 4.035304e-22, 2.263540e-01, 2.898341e-23
47.895792, 8.249868e+00, 2.163385e+02, 1.968088e+06, 6.000000e+02, 2.852239e-02, 1.517558e-21, 4.216246e-22, 2.263540e-01, 3.028278e-23
48.096192, 7.876913e+00, 2.389548e+02, 1.879116e+06, 6.000000e+02, 2.852239e-02, 1.588531e-21, 4.413301e-22, 2.263540e-01, 3.169789e-23
48.296593, 7.506910e+00, 2.624302e+02, 1.790848e+06, 6.000000e+02, 2.852239e-02, 1.665855e-21, 4.627979e-22, 2.263540e-01, 3.323959e-23
48.496994, 7.140518e+00, 2.868014e+02, 1.703441e+06, 6.000000e+02, 2.852239e-02, 1.750265e-21, 4.862308e-22, 2.263540e-01, 3.492247e-23
48.697395, 6.777656e+00, 3.121600e+02, 1.616877e+06, 6.000000e+02, 2.852239e-02, 1.842811e-21, 5.119188e-22, 2.263540e-01, 3.676743e-23
48.897796, 6.417238e+00, 3.386880e+02, 1.530896e+06, 6.000000e+02, 2.852239e-02, 1.945049e-21, 5.402923e-22, 2.263540e-01, 3.880541e-23
49.098196, 6.056577e+00, 3.667312e+02, 1.444856e+06, 6.000000e+02, 2.852239e-02, 2.059508e-21, 5.720495e-22, 2.263540e-01, 4.108672e-23
49.298597, 5.689948e+00, 3.969709e+02, 1.357394e+06, 6.000000e+02, 2.852239e-02, 2.190735e-21, 6.084441e-22, 2.263540e-01, 4.370170e-23
49.498998, 5.304646e+00, 4.309034e+02, 1.265476e+06, 6.000000e+02, 2.852239e-02, 2.348264e-21, 6.521005e-22, 2.263540e-01, 4.683959e-23
49.699399, 4.867103e+00, 4.725665e+02, 1.161096e+06, 6.000000e+02, 2.852239e-02, 2.557636e-21, 7.100306e-22, 2.263540e-01, 5.100667e-23
49.899800, 4.245627e+00, 5.387921e+02, 1.012837e+06, 6.000000e+02, 2.852239e-02, 2.930098e-21, 8.126064e-22, 2.263540e-01, 5.840162e-23
50.100200, 2.469887e+00, 9.525557e+02, 3.039750e+03, 3.000000e+02, 2.852239e-02, 2.899255e-21, 8.040837e-22, 2.263540e-01, 5.778749e-23
50.300601, 2.474798e+00, 9.518481e+02, 3.039750e+03, 3.000000e+02, 2.852239e-02, 2.894808e-21, 8.028336e-22, 2.263540e-01, 5.769764e-23
50.501002, 2.480263e+00, 9.510953e+02, 3.039750e+03, 3.000000e+02, 2.852239e-02, 2.890066e-21, 8.015014e-22, 2.263540e-01, 5.760191e-23
50.701403, 2.486357e+00, 9.502923e+02, 3.039750e+03, 3.000000e+02, 2.852239e-02, 2.885004e-21, 8.000796e-22, 2.263540e-01, 5.749978e-23
50.901804, 2.493171e+00, 9.494339e+02, 3.039750e+03, 3.000000e+02, 2.852239e-02, 2.879588e-21, 7.985592e-22, 2.263540e-01, 5.739060e-23
51.102204, 2.500815e+00, 9.485134e+02, 3.039750e+03, 3.000000e+02, 2.852239e-02, 2.873780e-21, 7.969293e-22, 2.263540e-01, 5.727358e-23
51.302605, 2.509424e+00, 9.475234e+02, 3.039750e+03, 3.000000e+02, 2.852239e-02, 2.867531e-21, 7.951764e-22, 2.263540e-01, 5.714776e-23
51.503006, 2.519171e+00, 9.464545e+02, 3.039750e+03, 3.000000e+02, 2.852239e-02, 2.860780e-21, 7.932834e-22, 2.263540e-01, 5.701191e-23
51.703407, 2.530276e+00, 9.452956e+02, 3.039750e+03, 3.000000e+02, 2.852239e-02, 2.853450e-21, 7.912289e-22, 2.263540e-01, 5.686450e-23
51.903808, 2.543042e+00, 9.440324e+02, 3.039750e+03, 3.000000e+02, 2.852239e-02, 2.845448e-21, 7.889866e-22, 2.263540e-01, 5.670366e-23
52.104208, 2.557891e+00, 9.426465e+02, 3.039750e+03, 3.000000e+02, 2.852239e-02, 2.836658e-21, 7.865241e-22, 2.263540e-01, 5.652707e-23
52.304609, 2.575457e+00, 9.411123e+02, 3.039750e+03, 3.000000e+02, 2.852239e-02, 2.826930e-21, 7.837998e-22, 2.263540e-01, 5.633173e-23
52.505010, 2.596725e+00, 9.393927e+02, 3.039750e+03, 3.000000e+02, 2.852238e-02, 2.816059e-21, 7.807565e-22, 2.263540e-01, 5.611355e-23
52.705411, 2.623281e+00, 9.374310e+02, 3.039750e+03, 3.000000e+02, 2.852237e-02, 2.803741e-21, 7.773097e-22, 2.263540e-01, 5.586646e-23
52.905812, 2.657691e+00, 9.351370e+02, 3.039750e+03, 3.000000e+02, 2.852233e-02, 2.789507e-21, 7.733287e-22, 2.263540e-01, 5.558109e-23
53.106212, 2.704016e+00, 9.323672e+02, 3.039750e+03, 3.000000e+02, 2.852224e-02, 2.772617e-21, 7.686088e-22, 2.263540e-01, 5.524272e-23
53.306613, 2.768366e+00, 9.288993e+02, 3.039750e+03, 3.000000e+02, 2.852198e-02, 2.751954e-21, 7.628392e-22, 2.263541e-01, 5.482903e-23
53.507014, 2.859261e+00, 9.244126e+02, 3.039750e+03, 3.000000e+02, 2.852138e-02, 2.725934e-21, 7.555811e-22, 2.263542e-01, 5.430850e-23
53.707415, 2.987310e+00, 9.184947e+02, 3.039750e+03, 3.000000e+02, 2.852003e-02, 2.692589e-21, 7.462885e-22, 2.263545e-01, 5.364188e-23
53.907816, 3.163575e+00, 9.107047e+02, 3.039750e+03, 3.000000e+02, 2.851726e-02, 2.649917e-21, 7.344075e-22, 2.263552e-01, 5.278933e-23
54.108216, 3.396118e+00, 9.007028e+02, 3.039750e+03, 3.000000e+02, 2.851199e-02, 2.596556e-21, 7.195618e-22, 2.263564e-01, 5.172379e-23
54.308617, 3.684851e+00, 8.884010e+02, 3.039750e+03, 3.000000e+02, 2.850272e-02, 2.532502e-21, 7.017526e-22, 2.263585e-01, 5.044527e-23
54.509018, 4.016054e+00, 8.740392e+02, 3.039750e+03, 3.000000e+02, 2.848756e-02, 2.459403e-21, 6.814392e-22, 2.263620e-01, 4.898670e-23
54.709419, 4.359058e+00, 8.581225e+02, 3.039750e+03, 3.000000e+02, 2.846422e-02, 2.380153e-21, 6.594262e-22, 2.263674e-01, 4.740586e-23
54.909820, 4.667763e+00, 8.412549e+02, 3.039750e+03, 3.000000e+02, 2.842988e-02, 2.298024e-21, 6.366216e-22, 2.263753e-01, 4.576794e-23
55.110220, 4.888078e+00, 8.239687e+02, 3.039750e+03, 3.000000e+02, 2.838089e-02, 2.215842e-21, 6.138092e-22, 2.263865e-01, 4.412928e-23
55.310621, 4.969757e+00, 8.066199e+02, 3.039750e+03, 3.000000e+02, 2.831224e-02, 2.135552e-21, 5.915275e-22, 2.264023e-01, 4.252859e-23
55.511022, 4.878822e+00, 7.893554e+02, 3.039750e+03, 3.000000e+02, 2.821679e-02, 2.058144e-21, 5.700507e-22, 2.264242e-01, 4.098559e-23
55.711423, 4.606237e+00, 7.721165e+02, 3.039750e+03, 3.000000e+02, 2.808427e-02, 1.983782e-21, 5.494232e-22, 2.264547e-01, 3.950349e-23
55.911824, 4.170016e+00, 7.546454e+02, 3.039750e+03, 3.000000e+02, 2.789959e-02, 1.911945e-21, 5.295003e-22, 2.264971e-01, 3.807189e-23
56.112224, 3.610539e+00, 7.364655e+02, 3.039750e+03, 3.000000e+02, 2.764052e-02, 1.841493e-21, 5.099651e-22, 2.265567e-01, 3.666804e-23
56.312625, 2.981252e+00, 7.168154e+02, 3.039750e+03, 3.000000e+02, 2.727368e-02, 1.770574e-21, 4.903051e-22, 2.266410e-01, 3.525509e-23
56.513026, 2.338074e+00, 6.945025e+02, 3.039750e+03, 3.000000e+02, 2.674778e-02, 1.696322e-21, 4.697255e-22, 2.267619e-01, 3.377590e-23
56.713427, 1.730535e+00, 6.676086e+02, 3.039750e+03, 3.000000e+02, 2.598117e-02, 1.614144e-21, 4.469551e-22, 2.269380e-01, 3.213906e-23
56.913828, 1.196361e+00, 6.328937e+02, 3.039750e+03, 3.000000e+02, 2.483720e-02, 1.516267e-21, 4.198414e-22, 2.272010e-01, 3.018980e-23
57.114228, 7.596452e-01, 5.845472e+02, 3.039750e+03, 3.000000e+02, 2.307295e-02, 1.388662e-21, 3.844997e-22, 2.276064e-01, 2.764875e-23
57.314629, 4.315873e-01, 5.115914e+02, 3.039750e+03, 3.000000e+02, 2.023176e-02, 1.204626e-21, 3.335373e-22, 2.282594e-01, 2.398432e-23
57.515030, 2.106655e-01, 3.984024e+02, 3.039750e+03, 3.000000e+02, 1.545895e-02, 9.137608e-22, 2.529994e-22, 2.293563e-01, 1.819302e-23
57.715431, 8.892149e-02, 2.355954e+02, 3.039750e+03, 3.000000e+02, 7.842947e-03, 4.616056e-22, 1.278071e-22, 2.311067e-01, 9.190554e-24
57.915832, 4.452234e-02, 6.783027e+01, 3.039750e+03, 3.000000e+02, 1.161217e-03, 6.819936e-23, 1.888264e-23, 2.326423e-01, 1.357845e-24
58.116232, 3.604552e-02, 7.546329e+00, 3.039750e+03, 3.000000e+02, 1.553561e-05, 9.114816e-25, 2.523653e-25, 2.329056e-01, 1.814752e-26
58.316633, 3.522640e-02, 5.933155e-01, 3.039750e+03, 3.000000e+02, 1.277767e-08, 7.492408e-28, 2.074449e-28, 2.329092e-01, 1.491731e-29
58.517034, 3.516417e-02, 4.478647e-02, 3.039750e+03, 3.000000e+02, 6.826052e-13, 4.001131e-32, 1.107807e-32, 2.329092e-01, 7.966212e-34
58.717435, 3.515949e-02, 3.366601e-03, 3.039750e+03, 3.000000e+02, 2.491450e-18, 1.460029e-37, 4.042428e-38, 2.329092e-01, 2.906902e-39
58.917836, 3.515914e-02, 2.527386e-04, 3.039750e+03, 3.000000e+02, 6.401034e-25, 3.750484e-44, 1.038408e-44, 2.329092e-01, 7.467174e-46
59.118236, 3.515911e-02, 1.895324e-05, 3.039750e+03, 3.000000e+02, 1.179367e-32, 6.909324e-52, 1.913006e-52, 2.329092e-01, 1.375639e-53
59.318637, 3.515911e-02, 1.419834e-06, 3.039750e+03, 3.000000e+02, 1.577254e-41, 9.239572e-61, 2.558188e-61, 2.329092e-01, 1.839588e-62
59.519038, 3.515911e-02, 1.062519e-07, 3.039750e+03, 3.000000e+02, 1.543449e-51, 9.040995e-71, 2.503208e-71, 2.329092e-01, 1.800052e-72
59.719439, 3.515911e-02, 7.943003e-09, 3.039750e+03, 3.000000e+02, 1.111082e-62, 6.508046e-82, 1.801903e-82, 2.329092e-01, 1.295745e-83
59.919840, 3.515911e-02, 5.931810e-10, 3.039750e+03, 3.000000e+02, 5.904645e-75, 3.458465e-94, 9.575592e-95, 2.329092e-01, 6.885798e-96
60.120240, 3.515911e-02, 4.425948e-11, 3.039750e+03, 3.000000e+02, 2.322292e-88, 1.360049e-107, 3.765538e-108, 2.329092e-01, 2.707677e-109
60.320641, 3.515911e-02, 3.301949e-12, 3.039750e+03, 3.000000e+02, 6.753558e-103, 3.962473e-122, 1.093310e-122, 2.329092e-01, 7.877070e-124
60.521042, 3.515911e-02, 2.437866e-13, 3.039750e+03, 3.000000e+02, 1.474090e-118, 8.608694e-138, 2.316026e-138, 2.329092e-01, 1.681645e-139
60.721443, 3.515911e-02, 1.724012e-14, 3.039750e+03, 3.000000e+02, 3.596794e-135, 1.677804e-154, 4.707704e-155, 2.329092e-01, 3.636228e-156
60.921844, 3.515911e-02, 0.000000e+00, 3.039750e+03, 3.000000e+02, 7.637441e-153, 3.559104e-172, 1.001772e-172, 2.329092e-01, 7.718105e-174
61.122244, 3.515911e-02, 0.000000e+00, 3.039750e+03, 3.000000e+02, 0.000000e+00, 0.000000e+00, 0.000000e+00, 2.329092e-01, 0.000000e+00
61.322645, 3.515911e-02, 0.000000e+00, 3.039750e+03, 3.000000e+02, 0.000000e+00, 0.000000e+00, 0.000000e+00, 2.329092e-01, 0.000000e+00
61.523046, 3.515911e-02, 0.000000e+00, 3.039750e+03, 3.000000e+02, 0.000000e+00, 0.000000e+00, 0.000000e+00, 2.329092e-01, 0.000000e+00
61.723447, 3.515911e-02, 0.000000e+00, 3.039750e+03, 3.000000e+02, 0.000000e+00, 0.000000e+00, 0.000000e+00, 2.329092e-01, 0.000000e+00
61.923848, 3.515911e-02, 0.000000e+00, 3.039750e+03, 3.000000e+02, 0.000000e+00, 0.000000e+00, 0.000000e+00, 2.329092e-01, 0.000000e+00
62.124248, 3.515911e-02, 0.000000e+00, 3.039750e+03, 3.000000e+02, 0.000000e+00, 0.000000e+00, 0.000000e+00, 2.329092e-01, 0.000000e+00
62.324649, 3.515911e-02, 0.000000e+00, 3.039750e+03, 3.000000e+02, 0.000000e+00, 0.000000e+00, 0.000000e+00, 2.329092e-01, 0.000000e+00
62.525050, 3.515911e-02, 0.000000e+00, 3.039750e+03, 3.000000e+02, 0.000000e+00, 0.000000e+00, 0.000000e+00, 2.329092e-01, 0.000000e+00
62.725451, 3.515911e-02, 0.000000e+00, 3.039750e+03, 3.000000e+02, 0.000000e+00, 0.000000e+00, 0.000000e+00, 2.329092e-01, 0.000000e+00
62.925852, 3.515911e-02, 0.000000e+00, 3.039750e+03, 3.000000e+02, 0.000000e+00, 0.000000e+00, 0.000000e+00, 2.329092e-01, 0.000000e+00
63.126253, 3.515911e-02, 0.000000e+00, 3.039750e+03, 3.000000e+02, 0.000000e+00, 0.000000e+00, 0.000000e+00, 2.329092e-01, 0.000000e+00
63.326653, 3.515911e-02, 0.000000e+00, 3.039750e+03, 3.000000e+02, 0.000000e+00, 0.000000e+00, 0.000000e+00, 2.329092e-01, 0.000000e+00
63.527054, 3.515911e-02, 0.000000e+00, 3.039750e+03, 3.000000e+02, 0.000000e+00, 0.000000e+00, 0.000000e+00, 2.329092e-01, 0.000000e+00
63.727455, 3.515911e-02, 0.000000e+00, 3.039750e+03, 3.000000e+02, 0.000000e+00, 0.000000e+00, 0.000000e+00, 2.329092e-01, 0.000000e+00
63.927856, 3.515911e-02, 0.000000e+00, 3.039750e+03, 3.000000e+02, 0.000000e+00, 0.000000e+00, 0.000000e+00, 2.329092e-01, 0.000000e+00
64.128257, 3.515911e-02, 0.000000e+00, 3.039750e+03, 3.000000e+02, 0.000000e+00, 0.000000e+00, 0.000000e+00, 2.329092e-01, 0.000000e+00
64.328657, 3.515911e-02, 0.000000e+00, 3.039750e+03, 3.000000e+02, 0.000000e+00, 0.000000e+00, 0.000000e+00, 2.329092e-01, 0.000000e+00
64.529058, 3.515911e-02, 0.000000e+00, 3.039750e+03, 3.000000e+02, 0.000000e+00, 0.000000e+00, 0.000000e+00, 2.329092e-01, 0.000000e+00
64.729459, 3.515911e-02, 0.000000e+00, 3.039750e+03, 3.000000e+02, 0.000000e+00, 0.000000e+00, 0.000000e+00, 2.329092e-01, 0.000000e+00
64.929860, 3.515911e-02, 0.000000e+00, 3.039750e+03, 3.000000e+02, 0.000000e+00, 0.000000e+00, 0.000000e+00, 2.329092e-01, 0.000000e+00
65.130261, 3.515911e-02, 0.000000e+00, 3.039750e+03, 3.000000e+02, 0.000000e+00, 0.000000e+00, 0.000000e+00, 2.329092e-01, 0.000000e+00
65.330661, 3.515911e-02, 0.000000e+00, 3.039750e+03, 3.000000e+02, 0.000000e+00, 0.000000e+00, 0.000000e+00, 2.329092e-01, 0.000000e+00
65.531062, 3.515911e-02, 0.000000e+00, 3.039750e+03, 3.000000e+02, 0.000000e+00, 0.000000e+00, 0.000000e+00, 2.329092e-01, 0.000000e+00
65.731463, 3.515911e-02, 0.000000e+00, 3.039750e+03, 3.000000e+02, 0.000000e+00, 0.000000e+00, 0.000000e+00, 2.329092e-01, 0.000000e+00
65.931864, 3.515911e-02, 0.000000e+00, 3.039750e+03, 3.000000e+02, 0.000000e+00, 0.000000e+00, 0.000000e+00, 2.329092e-01, 0.000000e+00
66.132265, 3.515911e-02, 0.000000e+00, 3.039750e+03, 3.000000e+02, 0.000000e+00, 0.000000e+00, 0.000000e+00, 2.329092e-01, 0.000000e+00
66.332665, 3.515911e-02, 0.000000e+00, 3.039750e+03, 3.000000e+02, 0.000000e+00, 0.000000e+00, 0.000000e+00, 2.329092e-01, 0.000000e+00
66.533066, 3.515911e-02, 0.000000e+00, 3.039750e+03, 3.000000e+02, 0.000000e+00, 0.000000e+00, 0.000000e+00, 2.329092e-01, 0.000000e+00
66.733467, 3.515911e-02, 0.000000e+00, 3.039750e+03, 3.000000e+02, 0.000000e+00, 0.000000e+00, 0.000000e+00, 2.329092e-01, 0.000000e+00
66.933868, 3.515911e-02, 0.000000e+00, 3.039750e+03, 3.000000e+02, 0.000000e+00, 0.000000e+00, 0.000000e+00, 2.329092e-01, 0.000000e+00
67.134269, 3.515911e-02, 0.000000e+00, 3.039750e+03, 3.000000e+02, 0.000000e+00, 0.000000e+00, 0.000000e+00, 2.329092e-01, 0.000000e+00
67.334669, 3.515911e-02, 0.000000e+00, 3.039750e+03, 3.000000e+02, 0.000000e+00, 0.000000e+00, 0.000000e+00, 2.329092e-01, 0.000000e+00
67.535070, 3.515911e-02, 0.000000e+00, 3.039750e+03, 3.000000e+02, 0.000000e+00, 0.000000e+00, 0.000000e+00, 2.329092e-01, 0.000000e+00
67.735471, 3.515911e-02, 0.000000e+00, 3.039750e+03, 3.000000e+02, 0.000000e+00, 0.000000e+00, 0.000000e+00, 2.329092e-01, 0.000000e+00
67.935872, 3.515911e-02, 0.000000e+00, 3.039750e+03, 3.000000e+02, 0.000000e+00, 0.000000e+00, 0.000000e+00, 2.329092e-01, 0.000000e+00
68.136273, 3.515911e-02, 0.000000e+00, 3.039750e+03, 3.000000e+02, 0.000000e+00, 0.000000e+00, 0.000000e+00, 2.329092e-01, 0.000000e+00
68.336673, 3.515911e-02, 0.000000e+00, 3.039750e+03, 3.000000e+02, 0.000000e+00, 0.000000e+00, 0.000000e+00, 2.329092e-01, 0.000000e+00
68.537074, 3.515911e-02, 0.000000e+00, 3.039750e+03, 3.000000e+02, 0.000000e+00, 0.000000e+00, 0.000000e+00, 2.329092e-01, 0.000000e+00
68.737475, 3.515911e-02, 0.000000e+00, 3.039750e+03, 3.000000e+02, 0.000000e+00, 0.000000e+00, 0.000000e+00, 2.329092e-01, 0.000000e+00
68.937876, 3.515911e-02, 0.000000e+00, 3.039750e+03, 3.000000e+02, 0.000000e+00, 0.000000e+00, 0.000000e+00, 2.329092e-01, 0.000000e+00
69.138277, 3.515911e-02, 0.000000e+00, 3.039750e+03, 3.000000e+02, 0.000000e+00, 0.000000e+00, 0.000000e+00, 2.329092e-01, 0.000000e+00
69.338677, 3.515911e-02, 0.000000e+00, 3.039750e+03, 3.000000e+02, 0.000000e+00, 0.000000e+00, 0.000000e+00, 2.329092e-01, 0.000000e+00
69.539078, 3.515911e-02, 0.000000e+00, 3.039750e+03, 3.000000e+02, 0.000000e+00, 0.000000e+00, 0.000000e+00, 2.329092e-01, 0.000000e+00
69.739479, 3.515911e-02, 0.000000e+00, 3.039750e+03, 3.000000e+02, 0.000000e+00, 0.000000e+00, 0.000000e+00, 2.329092e-01, 0.000000e+00
69.939880, 3.515911e-02, 0.000000e+00, 3.039750e+03, 3.000000e+02, 0.000000e+00, 0.000000e+00, 0.000000e+00, 2.329092e-01, 0.000000e+00
70.140281, 3.515911e-02, 0.000000e+00, 3.039750e+03, 3.000000e+02, 0.000000e+00, 0.000000e+00, 0.000000e+00, 2.329092e-01, 0.000000e+00
70.340681, 3.515911e-02, 0.000000e+00, 3.039750e+03, 3.000000e+02, 0.000000e+00, 0.000000e+00, 0.000000e+00, 2.329092e-01, 0.000000e+00
70.541082, 3.515911e-02, 0.000000e+00, 3.039750e+03, 3.000000e+02, 0.000000e+00, 0.000000e+00, 0.000000e+00, 2.329092e-01, 0.000000e+00
70.741483, 3.515911e-02, 0.000000e+00, 3.039750e+03, 3.000000e+02, 0.000000e+00, 0.000000e+00, 0.000000e+00, 2.329092e-01, 0.000000e+00
70.941884, 3.515911e-02, 0.000000e+00, 3.039750e+03, 3.000000e+02, 0.000000e+00, 0.000000e+00, 0.000000e+00, 2.329092e-01, 0.000000e+00
71.142285, 3.515911e-02, 0.000000e+00, 3.039750e+03, 3.000000e+02, 0.000000e+00, 0.000000e+00, 0.000000e+00, 2.329092e-01, 0.000000e+00
71.342685, 3.515911e-02, 0.000000e+00, 3.039750e+03, 3.000000e+02, 0.000000e+00, 0.000000e+00, 0.000000e+00, 2.329092e-01, 0.000000e+00
71.543086, 3.515911e-02, 0.000000e+00, 3.039750e+03, 3.000000e+02, 0.000000e+00, 0.000000e+00, 0.000000e+00, 2.329092e-01, 0.000000e+00
71.743487, 3.515911e-02, 0.000000e+00, 3.039750e+03, 3.000000e+02, 0.000000e+00, 0.000000e+00, 0.000000e+00, 2.329092e-01, 0.000000e+00
71.943888, 3.515911e-02, 0.000000e+00, 3.039750e+03, 3.000000e+02, 0.000000e+00, 0.000000e+00, 0.000000e+00, 2.329092e-01, 0.000000e+00
72.144289, 3.515911e-02, 0.000000e+00, 3.039750e+03, 3.000000e+02, 0.000000e+00, 0.000000e+00, 0.000000e+00, 2.329092e-01, 0.000000e+00
72.344689, 3.515911e-02, 0.000000e+00, 3.039750e+03, 3.000000e+02, 0.000000e+00, 0.000000e+00, 0.000000e+00, 2.329092e-01, 0.000000e+00
72.545090, 3.515911e-02, 0.000000e+00, 3.039750e+03, 3.000000e+02, 0.000000e+00, 0.000000e+00, 0.000000e+00, 2.329092e-01, 0.000000e+00
72.745491, 3.515911e-02, 0.000000e+00, 3.039750e+03, 3.000000e+02, 0.000000e+00, 0.000000e+00, 0.000000e+00, 2.329092e-01, 0.000000e+00
72.945892, 3.515911e-02, 0.000000e+00, 3.039750e+03, 3.000000e+02, 0.000000e+00, 0.000000e+00, 0.000000e+00, 2.329092e-01, 0.000000e+00
73.146293, 3.515911e-02, 0.000000e+00, 3.039750e+03, 3.000000e+02, 0.000000e+00, 0.000000e+00, 0.000000e+00, 2.329092e-01, 0.000000e+00
73.346693, 3.515911e-02, 0.000000e+00, 3.039750e+03, 3.000000e+02, 0.000000e+00, 0.000000e+00, 0.000000e+00, 2.329092e-01, 0.000000e+00
73.547094, 3.515911e-02, 0.000000e+00, 3.039750e+03, 3.000000e+02, 0.000000e+00, 0.000000e+00, 0.000000e+00, 2.329092e-01, 0.000000e+00
73.747495, 3.515911e-02, 0.000000e+00, 3.039750e+03, 3.000000e+02, 0.000000e+00, 0.000000e+00, 0.000000e+00, 2.329092e-01, 0.000000e+00
73.947896, 3.515911e-02, 0.000000e+00, 3.039750e+03, 3.000000e+02, 0.000000e+00, 0.000000e+00, 0.000000e+00, 2.329092e-01, 0.000000e+00
74.148297, 3.515911e-02, 0.000000e+00, 3.039750e+03, 3.000000e+02, 0.000000e+00, 0.000000e+00, 0.000000e+00, 2.329092e-01, 0.000000e+00
74.348697, 3.515911e-02, 0.000000e+00, 3.039750e+03, 3.000000e+02, 0.000000e+00, 0.000000e+00, 0.000000e+00, 2.329092e-01, 0.000000e+00
74.549098, 3.515911e-02, 0.000000e+00, 3.039750e+03, 3.000000e+02, 0.000000e+00, 0.000000e+00, 0.000000e+00, 2.329092e-01, 0.000000e+00
74.749499, 3.515911e-02, 0.000000e+00, 3.039750e+03, 3.000000e+02, 0.000000e+00, 0.000000e+00, 0.000000e+00, 2.329092e-01, 0.000000e+00
74.949900, 3.515911e-02, 0.000000e+00, 3.039750e+03, 3.000000e+02, 0.000000e+00, 0.000000e+00, 0.000000e+00, 2.329092e-01, 0.000000e+00
75.150301, 3.515911e-02, 0.000000e+00, 3.039750e+03, 3.000000e+02, 0.000000e+00, 0.000000e+00, 0.000000e+00, 2.329092e-01, 0.000000e+00
75.350701, 3.515911e-02, 0.000000e+00, 3.039750e+03, 3.000000e+02, 0.000000e+00, 0.000000e+00, 0.000000e+00, 2.329092e-01, 0.000000e+00
75.551102, 3.515911e-02, 0.000000e+00, 3.039750e+03, 3.000000e+02, 0.000000e+00, 0.000000e+00, 0.000000e+00, 2.329092e-01, 0.000000e+00
75.751503, 3.515911e-02, 0.000000e+00, 3.039750e+03, 3.000000e+02, 0.000000e+00, 0.000000e+00, 0.000000e+00, 2.329092e-01, 0.000000e+00
75.951904, 3.515911e-02, 0.000000e+00, 3.039750e+03, 3.000000e+02, 0.000000e+00, 0.000000e+00, 0.000000e+00, 2.329092e-01, 0.000000e+00
76.152305, 3.515911e-02, 0.000000e+00, 3.039750e+03, 3.000000e+02, 0.000000e+00, 0.000000e+00, 0.000000e+00, 2.329092e-01, 0.000000e+00
76.352705, 3.515911e-02, 0.000000e+00, 3.039750e+03, 3.000000e+02, 0.000000e+00, 0.000000e+00, 0.000000e+00, 2.329092e-01, 0.000000e+00
76.553106, 3.515911e-02, 0.000000e+00, 3.039750e+03, 3.000000e+02, 0.000000e+00, 0.000000e+00, 0.000000e+00, 2.329092e-01, 0.000000e+00
76.753507, 3.515911e-02, 0.000000e+00, 3.039750e+03, 3.000000e+02, 0.000000e+00, 0.000000e+00, 0.000000e+00, 2.329092e-01, 0.000000e+00
76.953908, 3.515911e-02, 0.000000e+00, 3.039750e+03, 3.000000e+02, 0.000000e+00, 0.000000e+00, 0.000000e+00, 2.329092e-01, 0.000000e+00
77.154309, 3.515911e-02, 0.000000e+00, 3.039750e+03, 3.000000e+02, 0.000000e+00, 0.000000e+00, 0.000000e+00, 2.329092e-01, 0.000000e+00
77.354709, 3.515911e-02, 0.000000e+00, 3.039750e+03, 3.000000e+02, 0.000000e+00, 0.000000e+00, 0.000000e+00, 2.329092e-01, 0.000000e+00
77.555110, 3.515911e-02, 0.000000e+00, 3.039750e+03, 3.000000e+02, 0.000000e+00, 0.000000e+00, 0.000000e+00, 2.329092e-01, 0.000000e+00
77.755511, 3.515911e-02, 0.000000e+00, 3.039750e+03, 3.000000e+02, 0.000000e+00, 0.000000e+00, 0.000000e+00, 2.329092e-01, 0.000000e+00
77.955912, 3.515911e-02, 0.000000e+00, 3.039750e+03, 3.000000e+02, 0.000000e+00, 0.000000e+00, 0.000000e+00, 2.329092e-01, 0.000000e+00
78.156313, 3.515911e-02, 0.000000e+00, 3.039750e+03, 3.000000e+02, 0.000000e+00, 0.000000e+00, 0.000000e+00, 2.329092e-01, 0.000000e+00
78.356713, 3.515911e-02, 0.000000e+00, 3.039750e+03, 3.000000e+02, 0.000000e+00, 0.000000e+00, 0.000000e+00, 2.329092e-01, 0.000000e+00
78.557114, 3.515911e-02, 0.000000e+00, 3.039750e+03, 3.000000e+02, 0.000000e+00, 0.000000e+00, 0.000000e+00, 2.329092e-01, 0.000000e+00
78.757515, 3.515911e-02, 0.000000e+00, 3.039750e+03, 3.000000e+02, 0.000000e+00, 0.000000e+00, 0.000000e+00, 2.329092e-01, 0.000000e+00
78.957916, 3.515911e-02, 0.000000e+00, 3.039750e+03, 3.000000e+02, 0.000000e+00, 0.000000e+00, 0.000000e+00, 2.329092e-01, 0.000000e+00
79.158317, 3.515911e-02, 0.000000e+00, 3.039750e+03, 3.000000e+02, 0.000000e+00, 0.000000e+00, 0.000000e+00, 2.329092e-01, 0.000000e+00
79.358717, 3.515911e-02, 0.000000e+00, 3.039750e+03, 3.000000e+02, 0.000000e+00, 0.000000e+00, 0.000000e+00, 2.329092e-01, 0.000000e+00
79.559118, 3.515911e-02, 0.000000e+00, 3.039750e+03, 3.000000e+02, 0.000000e+00, 0.000000e+00, 0.000000e+00, 2.329092e-01, 0.000000e+00
79.759519, 3.515911e-02, 0.000000e+00, 3.039750e+03, 3.000000e+02, 0.000000e+00, 0.000000e+00, 0.000000e+00, 2.329092e-01, 0.000000e+00
79.959920, 3.515911e-02, 0.000000e+00, 3.039750e+03, 3.000000e+02, 0.000000e+00, 0.000000e+00, 0.000000e+00, 2.329092e-01, 0.000000e+00
80.160321, 3.515911e-02, 0.000000e+00, 3.039750e+03, 3.000000e+02, 0.000000e+00, 0.000000e+00, 0.000000e+00, 2.329092e-01, 0.000000e+00
80.360721, 3.515911e-02, 0.000000e+00, 3.039750e+03, 3.000000e+02, 0.000000e+00, 0.000000e+00, 0.000000e+00, 2.329092e-01, 0.000000e+00
80.561122, 3.515911e-02, 0.000000e+00, 3.039750e+03, 3.000000e+02, 0.000000e+00, 0.000000e+00, 0.000000e+00, 2.329092e-01, 0.000000e+00
80.761523, 3.515911e-02, 0.000000e+00, 3.039750e+03, 3.000000e+02, 0.000000e+00, 0.000000e+00, 0.000000e+00, 2.329092e-01, 0.000000e+00
80.961924, 3.515911e-02, 0.000000e+00, 3.039750e+03, 3.000000e+02, 0.000000e+00, 0.000000e+00, 0.000000e+00, 2.329092e-01, 0.000000e+00
81.162325, 3.515911e-02, 0.000000e+00, 3.039750e+03, 3.000000e+02, 0.000000e+00, 0.000000e+00, 0.000000e+00, 2.329092e-01, 0.000000e+00
81.362725, 3.515911e-02, 0.000000e+00, 3.039750e+03, 3.000000e+02, 0.000000e+00, 0.000000e+00, 0.000000e+00, 2.329092e-01, 0.000000e+00
81.563126, 3.515911e-02, 0.000000e+00, 3.039750e+03, 3.000000e+02, 0.000000e+00, 0.000000e+00, 0.000000e+00, 2.329092e-01, 0.000000e+00
81.763527, 3.515911e-02, 0.000000e+00, 3.039750e+03, 3.000000e+02, 0.000000e+00, 0.000000e+00, 0.000000e+00, 2.329092e-01, 0.000000e+00
81.963928, 3.515911e-02, 0.000000e+00, 3.039750e+03, 3.000000e+02, 0.000000e+00, 0.000000e+00, 0.000000e+00, 2.329092e-01, 0.000000e+00
82.164329, 3.515911e-02, 0.000000e+00, 3.039750e+03, 3.000000e+02, 0.000000e+00, 0.000000e+00, 0.000000e+00, 2.329092e-01, 0.000000e+00
82.364729, 3.515911e-02, 0.000000e+00, 3.039750e+03, 3.000000e+02, 0.000000e+00, 0.000000e+00, 0.000000e+00, 2.329092e-01, 0.000000e+00
82.565130, 3.515911e-02, 0.000000e+00, 3.039750e+03, 3.000000e+02, 0.000000e+00, 0.000000e+00, 0.000000e+00, 2.329092e-01, 0.000000e+00
82.765531, 3.515911e-02, 0.000000e+00, 3.039750e+03, 3.000000e+02, 0.000000e+00, 0.000000e+00, 0.000000e+00, 2.329092e-01, 0.000000e+00
82.965932, 3.515911e-02, 0.000000e+00, 3.039750e+03, 3.000000e+02, 0.000000e+00, 0.000000e+00, 0.000000e+00, 2.329092e-01, 0.000000e+00
83.166333, 3.515911e-02, 0.000000e+00, 3.039750e+03, 3.000000e+02, 0.000000e+00, 0.000000e+00, 0.000000e+00, 2.329092e-01, 0.000000e+00
83.366733, 3.515911e-02, 0.000000e+00, 3.039750e+03, 3.000000e+02, 0.000000e+00, 0.000000e+00, 0.000000e+00, 2.329092e-01, 0.000000e+00
83.567134, 3.515911e-02, 0.000000e+00, 3.039750e+03, 3.000000e+02, 0.000000e+00, 0.000000e+00, 0.000000e+00, 2.329092e-01, 0.000000e+00
83.767535, 3.515911e-02, 0.000000e+00, 3.039750e+03, 3.000000e+02, 0.000000e+00, 0.000000e+00, 0.000000e+00, 2.329092e-01, 0.000000e+00
83.967936, 3.515911e-02, 0.000000e+00, 3.039750e+03, 3.000000e+02, 0.000000e+00, 0.000000e+00, 0.000000e+00, 2.329092e-01, 0.000000e+00
84.168337, 3.515911e-02, 0.000000e+00, 3.039750e+03, 3.000000e+02, 0.000000e+00, 0.000000e+00, 0.000000e+00, 2.329092e-01, 0.000000e+00
84.368737, 3.515911e-02, 0.000000e+00, 3.039750e+03, 3.000000e+02, 0.000000e+00, 0.000000e+00, 0.000000e+00, 2.329092e-01, 0.000000e+00
84.569138, 3.515911e-02, 0.000000e+00, 3.039750e+03, 3.000000e+02, 0.000000e+00, 0.000000e+00, 0.000000e+00, 2.329092e-01, 0.000000e+00
84.769539, 3.515911e-02, 0.000000e+00, 3.039750e+03, 3.000000e+02, 0.000000e+00, 0.000000e+00, 0.000000e+00, 2.329092e-01, 0.000000e+00
84.969940, 3.515911e-02, 0.000000e+00, 3.039750e+03, 3.000000e+02, 0.000000e+00, 0.000000e+00, 0.000000e+00, 2.329092e-01, 0.000000e+00
85.170341, 3.515911e-02, 0.000000e+00, 3.039750e+03, 3.000000e+02, 0.000000e+00, 0.000000e+00, 0.000000e+00, 2.329092e-01, 0.000000e+00
85.370741, 3.515911e-02, 0.000000e+00, 3.039750e+03, 3.000000e+02, 0.000000e+00, 0.000000e+00, 0.000000e+00, 2.329092e-01, 0.000000e+00
85.571142, 3.515911e-02, 0.000000e+00, 3.039750e+03, 3.000000e+02, 0.000000e+00, 0.000000e+00, 0.000000e+00, 2.329092e-01, 0.000000e+00
85.771543, 3.515911e-02, 0.000000e+00, 3.039750e+03, 3.000000e+02, 0.000000e+00, 0.000000e+00, 0.000000e+00, 2.329092e-01, 0.000000e+00
85.971944, 3.515911e-02, 0.000000e+00, 3.039750e+03, 3.000000e+02, 0.000000e+00, 0.000000e+00, 0.000000e+00, 2.329092e-01, 0.000000e+00
86.172345, 3.515911e-02, 0.000000e+00, 3.039750e+03, 3.000000e+02, 0.000000e+00, 0.000000e+00, 0.000000e+00, 2.329092e-01, 0.000000e+00
86.372745, 3.515911e-02, 0.000000e+00, 3.039750e+03, 3.000000e+02, 0.000000e+00, 0.000000e+00, 0.000000e+00, 2.329092e-01, 0.000000e+00
86.573146, 3.515911e-02, 0.000000e+00, 3.039750e+03, 3.000000e+02, 0.000000e+00, 0.000000e+00, 0.000000e+00, 2.329092e-01, 0.000000e+00
86.773547, 3.515911e-02, 0.000000e+00, 3.039750e+03, 3.000000e+02, 0.000000e+00, 0.000000e+00, 0.000000e+00, 2.329092e-01, 0.000000e+00
86.973948, 3.515911e-02, 0.000000e+00, 3.039750e+03, 3.000000e+02, 0.000000e+00, 0.000000e+00, 0.000000e+00, 2.329092e-01, 0.000000e+00
87.174349, 3.515911e-02, 0.000000e+00, 3.039750e+03, 3.000000e+02, 0.000000e+00, 0.000000e+00, 0.000000e+00, 2.329092e-01, 0.000000e+00
87.374749, 3.515911e-02, 0.000000e+00, 3.039750e+03, 3.000000e+02, 0.000000e+00, 0.000000e+00, 0.000000e+00, 2.329092e-01, 0.000000e+00
87.575150, 3.515911e-02, 0.000000e+00, 3.039750e+03, 3.000000e+02, 0.000000e+00, 0.000000e+00, 0.000000e+00, 2.329092e-01, 0.000000e+00
87.775551, 3.515911e-02, 0.000000e+00, 3.039750e+03, 3.000000e+02, 0.000000e+00, 0.000000e+00, 0.000000e+00, 2.329092e-01, 0.000000e+00
87.975952, 3.515911e-02, 0.000000e+00, 3.039750e+03, 3.000000e+02, 0.000000e+00, 0.000000e+00, 0.000000e+00, 2.329092e-01, 0.000000e+00
88.176353, 3.515911e-02, 0.000000e+00, 3.039750e+03, 3.000000e+02, 0.000000e+00, 0.000000e+00, 0.000000e+00, 2.329092e-01, 0.000000e+00
88.376754, 3.515911e-02, 0.000000e+00, 3.039750e+03, 3.000000e+02, 0.000000e+00, 0.000000e+00, 0.000000e+00, 2.329092e-01, 0.000000e+00
88.577154, 3.515911e-02, 0.000000e+00, 3.039750e+03, 3.000000e+02, 0.000000e+00, 0.000000e+00, 0.000000e+00, 2.329092e-01, 0.000000e+00
88.777555, 3.515911e-02, 0.000000e+00, 3.039750e+03, 3.000000e+02, 0.000000e+00, 0.000000e+00, 0.000000e+00, 2.329092e-01, 0.000000e+00
88.977956, 3.515911e-02, 0.000000e+00, 3.039750e+03, 3.000000e+02, 0.000000e+00, 0.000000e+00, 0.000000e+00, 2.329092e-01, 0.000000e+00
89.178357, 3.515911e-02, 0.000000e+00, 3.039750e+03, 3.000000e+02, 0.000000e+00, 0.000000e+00, 0.000000e+00, 2.329092e-01, 0.000000e+00
89.378758, 3.515911e-02, 0.000000e+00, 3.039750e+03, 3.000000e+02, 0.000000e+00, 0.000000e+00, 0.000000e+00, 2.329092e-01, 0.000000e+00
89.579158, 3.515911e-02, 0.000000e+00, 3.039750e+03, 3.000000e+02, 0.000000e+00, 0.000000e+00, 0.000000e+00, 2.329092e-01, 0.000000e+00
89.779559, 3.515911e-02, 0.000000e+00, 3.039750e+03, 3.000000e+02, 0.000000e+00, 0.000000e+00, 0.000000e+00, 2.329092e-01, 0.000000e+00
89.979960, 3.515911e-02, 0.000000e+00, 3.039750e+03, 3.000000e+02, 0.000000e+00, 0.000000e+00, 0.000000e+00, 2.329092e-01, 0.000000e+00
90.180361, 3.515911e-02, 0.000000e+00, 3.039750e+03, 3.000000e+02, 0.000000e+00, 0.000000e+00, 0.000000e+00, 2.329092e-01, 0.000000e+00
90.380762, 3.515911e-02, 0.000000e+00, 3.039750e+03, 3.000000e+02, 0.000000e+00, 0.000000e+00, 0.000000e+00, 2.329092e-01, 0.000000e+00
90.581162, 3.515911e-02, 0.000000e+00, 3.039750e+03, 3.000000e+02, 0.000000e+00, 0.000000e+00, 0.000000e+00, 2.329092e-01, 0.000000e+00
90.781563, 3.515911e-02, 0.000000e+00, 3.039750e+03, 3.000000e+02, 0.000000e+00, 0.000000e+00, 0.000000e+00, 2.329092e-01, 0.000000e+00
90.981964, 3.515911e-02, 0.000000e+00, 3.039750e+03, 3.000000e+02, 0.000000e+00, 0.000000e+00, 0.000000e+00, 2.329092e-01, 0.000000e+00
91.182365, 3.515911e-02, 0.000000e+00, 3.039750e+03, 3.000000e+02, 0.000000e+00, 0.000000e+00, 0.000000e+00, 2.329092e-01, 0.000000e+00
91.382766, 3.515911e-02, 0.000000e+00, 3.039750e+03, 3.000000e+02, 0.000000e+00, 0.000000e+00, 0.000000e+00, 2.329092e-01, 0.000000e+00
91.583166, 3.515911e-02, 0.000000e+00, 3.039750e+03, 3.000000e+02, 0.000000e+00, 0.000000e+00, 0.000000e+00, 2.329092e-01, 0.000000e+00
91.783567, 3.515911e-02, 0.000000e+00, 3.039750e+03, 3.000000e+02, 0.000000e+00, 0.000000e+00, 0.000000e+00, 2.329092e-01, 0.000000e+00
91.983968, 3.515911e-02, 0.000000e+00, 3.039750e+03, 3.000000e+02, 0.000000e+00, 0.000000e+00, 0.000000e+00, 2.329092e-01, 0.000000e+00
92.184369, 3.515911e-02, 0.000000e+00, 3.039750e+03, 3.000000e+02, 0.000000e+00, 0.000000e+00, 0.000000e+00, 2.329092e-01, 0.000000e+00
92.384770, 3.515911e-02, 0.000000e+00, 3.039750e+03, 3.000000e+02, 0.000000e+00, 0.000000e+00, 0.000000e+00, 2.329092e-01, 0.000000e+00
92.585170, 3.515911e-02, 0.000000e+00, 3.039750e+03, 3.000000e+02, 0.000000e+00, 0.000000e+00, 0.000000e+00, 2.329092e-01, 0.000000e+00
92.785571, 3.515911e-02, 0.000000e+00, 3.039750e+03, 3.000000e+02, 0.000000e+00, 0.000000e+00, 0.000000e+00, 2.329092e-01, 0.000000e+00
92.985972, 3.515911e-02, 0.000000e+00, 3.039750e+03, 3.000000e+02, 0.000000e+00, 0.000000e+00, 0.000000e+00, 2.329092e-01, 0.000000e+00
93.186373, 3.515911e-02, 0.000000e+00, 3.039750e+03, 3.000000e+02, 0.000000e+00, 0.000000e+00, 0.000000e+00, 2.329092e-01, 0.000000e+00
93.386774, 3.515911e-02, 0.000000e+00, 3.039750e+03, 3.000000e+02, 0.000000e+00, 0.000000e+00, 0.000000e+00, 2.329092e-01, 0.000000e+00
93.587174, 3.515911e-02, 0.000000e+00, 3.039750e+03, 3.000000e+02, 0.000000e+00, 0.000000e+00, 0.000000e+00, 2.329092e-01, 0.000000e+00
93.787575, 3.515911e-02, 0.000000e+00, 3.039750e+03, 3.000000e+02, 0.000000e+00, 0.000000e+00, 0.000000e+00, 2.329092e-01, 0.000000e+00
93.987976, 3.515911e-02, 0.000000e+00, 3.039750e+03, 3.000000e+02, 0.000000e+00, 0.000000e+00, 0.000000e+00, 2.329092e-01, 0.000000e+00
94.188377, 3.515911e-02, 0.000000e+00, 3.039750e+03, 3.000000e+02, 0.000000e+00, 0.000000e+00, 0.000000e+00, 2.329092e-01, 0.000000e+00
94.388778, 3.515911e-02, 0.000000e+00, 3.039750e+03, 3.000000e+02, 0.000000e+00, 0.000000e+00, 0.000000e+00, 2.329092e-01, 0.000000e+00
94.589178, 3.515911e-02, 0.000000e+00, 3.039750e+03, 3.000000e+02, 0.000000e+00, 0.000000e+00, 0.000000e+00, 2.329092e-01, 0.000000e+00
94.789579, 3.515911e-02, 0.000000e+00, 3.039750e+03, 3.000000e+02, 0.000000e+00, 0.000000e+00, 0.000000e+00, 2.329092e-01, 0.000000e+00
94.989980, 3.515911e-02, 0.000000e+00, 3.039750e+03, 3.000000e+02, 0.000000e+00, 0.000000e+00, 0.000000e+00, 2.329092e-01, 0.000000e+00
95.190381, 3.515911e-02, 0.000000e+00, 3.039750e+03, 3.000000e+02, 0.000000e+00, 0.000000e+00, 0.000000e+00, 2.329092e-01, 0.000000e+00
95.390782, 3.515911e-02, 0.000000e+00, 3.039750e+03, 3.000000e+02, 0.000000e+00, 0.000000e+00, 0.000000e+00, 2.329092e-01, 0.000000e+00
95.591182, 3.515911e-02, 0.000000e+00, 3.039750e+03, 3.000000e+02, 0.000000e+00, 0.000000e+00, 0.000000e+00, 2.329092e-01, 0.000000e+00
95.791583, 3.515911e-02, 0.000000e+00, 3.039750e+03, 3.000000e+02, 0.000000e+00, 0.000000e+00, 0.000000e+00, 2.329092e-01, 0.000000e+00
95.991984, 3.515911e-02, 0.000000e+00, 3.039750e+03, 3.000000e+02, 0.000000e+00, 0.000000e+00, 0.000000e+00, 2.329092e-01, 0.000000e+00
96.192385, 3.515911e-02, 0.000000e+00, 3.039750e+03, 3.000000e+02, 0.000000e+00, 0.000000e+00, 0.000000e+00, 2.329092e-01, 0.000000e+00
96.392786, 3.515911e-02, 0.000000e+00, 3.039750e+03, 3.000000e+02, 0.000000e+00, 0.000000e+00, 0.000000e+00, 2.329092e-01, 0.000000e+00
96.593186, 3.515911e-02, 0.000000e+00, 3.039750e+03, 3.000000e+02, 0.000000e+00, 0.000000e+00, 0.000000e+00, 2.329092e-01, 0.000000e+00
96.793587, 3.515911e-02, 0.000000e+00, 3.039750e+03, 3.000000e+02, 0.000000e+00, 0.000000e+00, 0.000000e+00, 2.329092e-01, 0.000000e+00
96.993988, 3.515911e-02, 0.000000e+00, 3.039750e+03, 3.000000e+02, 0.000000e+00, 0.000000e+00, 0.000000e+00, 2.329092e-01, 0.000000e+00
97.194389, 3.515911e-02, 0.000000e+00, 3.039750e+03, 3.000000e+02, 0.000000e+00, 0.000000e+00, 0.000000e+00, 2.329092e-01, 0.000000e+00
97.394790, 3.515911e-02, 0.000000e+00, 3.039750e+03, 3.000000e+02, 0.000000e+00, 0.000000e+00, 0.000000e+00, 2.329092e-01, 0.000000e+00
97.595190, 3.515911e-02, 0.000000e+00, 3.039750e+03, 3.000000e+02, 0.000000e+00, 0.000000e+00, 0.000000e+00, 2.329092e-01, 0.000000e+00
97.795591, 3.515911e-02, 0.000000e+00, 3.039750e+03, 3.000000e+02, 0.000000e+00, 0.000000e+00, 0.000000e+00, 2.329092e-01, 0.000000e+00
97.995992, 3.515911e-02, 0.000000e+00, 3.039750e+03, 3.000000e+02, 0.000000e+00, 0.000000e+00, 0.000000e+00, 2.329092e-01, 0.000000e+00
98.196393, 3.515911e-02, 0.000000e+00, 3.039750e+03, 3.000000e+02, 0.000000e+00, 0.000000e+00, 0.000000e+00, 2.329092e-01, 0.000000e+00
98.396794, 3.515911e-02, 0.000000e+00, 3.039750e+03, 3.000000e+02, 0.000000e+00, 0.000000e+00, 0.000000e+00, 2.329092e-01, 0.000000e+00
98.597194, 3.515911e-02, 0.000000e+00, 3.039750e+03, 3.000000e+02, 0.000000e+00, 0.000000e+00, 0.000000e+00, 2.329092e-01, 0.000000e+00
98.797595, 3.515911e-02, 0.000000e+00, 3.039750e+03, 3.000000e+02, 0.000000e+00, 0.000000e+00, 0.000000e+00, 2.329092e-01, 0.000000e+00
98.997996, 3.515911e-02, 0.000000e+00, 3.039750e+03, 3.000000e+02, 0.000000e+00, 0.000000e+00, 0.000000e+00, 2.329092e-01, 0.000000e+00
99.198397, 3.515911e-02, 0.000000e+00, 3.039750e+03, 3.000000e+02, 0.000000e+00, 0.000000e+00, 0.000000e+00, 2.329092e-01, 0.000000e+00
99.398798, 3.515911e-02, 0.000000e+00, 3.039750e+03, 3.000000e+02, 0.000000e+00, 0.000000e+00, 0.000000e+00, 2.329092e-01, 0.000000e+00
99.599198, 3.515911e-02, 0.000000e+00, 3.039750e+03, 3.000000e+02, 0.000000e+00, 0.000000e+00, 0.000000e+00, 2.329092e-01, 0.000000e+00
99.799599, 3.515911e-02, 0.000000e+00, 3.039750e+03, 3.000000e+02, 0.000000e+00, 0.000000e+00, 0.000000e+00, 2.329092e-01, 0.000000e+00
100.000000, 3.515911e-02, 0.000000e+00, 3.039750e+03, 3.000000e+02, 0.000000e+00, 0.000000e+00, 0.000000e+00, 2.329092e-01, 0.000000e+00
