# 时间 t = 0.006001 s
# 列: x(m), rho(kg/m3), u(m/s), p(Pa), T(K), Y_H2, Y_H, Y_O, Y_O2, Y_OH
0.000000, 1.274208e+01, 0.000000e+00, 3.039750e+06, 6.000000e+02, 2.852239e-02, 9.768357e-22, 2.714843e-22, 2.263540e-01, 1.949461e-23
0.200401, 1.274208e+01, 0.000000e+00, 3.039750e+06, 6.000000e+02, 2.852239e-02, 9.768357e-22, 2.714843e-22, 2.263540e-01, 1.949461e-23
0.400802, 1.274208e+01, 0.000000e+00, 3.039750e+06, 6.000000e+02, 2.852239e-02, 9.768357e-22, 2.714843e-22, 2.263540e-01, 1.949461e-23
0.601202, 1.274208e+01, 0.000000e+00, 3.039750e+06, 6.000000e+02, 2.852239e-02, 9.768357e-22, 2.714843e-22, 2.263540e-01, 1.949461e-23
0.801603, 1.274208e+01, 0.000000e+00, 3.039750e+06, 6.000000e+02, 2.852239e-02, 9.768357e-22, 2.714843e-22, 2.263540e-01, 1.949461e-23
1.002004, 1.274208e+01, 0.000000e+00, 3.039750e+06, 6.000000e+02, 2.852239e-02, 9.768357e-22, 2.714843e-22, 2.263540e-01, 1.949461e-23
1.202405, 1.274208e+01, 0.000000e+00, 3.039750e+06, 6.000000e+02, 2.852239e-02, 9.768357e-22, 2.714843e-22, 2.263540e-01, 1.949461e-23
1.402806, 1.274208e+01, 0.000000e+00, 3.039750e+06, 6.000000e+02, 2.852239e-02, 9.768357e-22, 2.714843e-22, 2.263540e-01, 1.949461e-23
1.603206, 1.274208e+01, 0.000000e+00, 3.039750e+06, 6.000000e+02, 2.852239e-02, 9.768357e-22, 2.714843e-22, 2.263540e-01, 1.949461e-23
1.803607, 1.274208e+01, 0.000000e+00, 3.039750e+06, 6.000000e+02, 2.852239e-02, 9.768357e-22, 2.714843e-22, 2.263540e-01, 1.949461e-23
2.004008, 1.274208e+01, 0.000000e+00, 3.039750e+06, 6.000000e+02, 2.852239e-02, 9.768357e-22, 2.714843e-22, 2.263540e-01, 1.949461e-23
2.204409, 1.274208e+01, 0.000000e+00, 3.039750e+06, 6.000000e+02, 2.852239e-02, 9.768357e-22, 2.714843e-22, 2.263540e-01, 1.949461e-23
2.404810, 1.274208e+01, 0.000000e+00, 3.039750e+06, 6.000000e+02, 2.852239e-02, 9.768357e-22, 2.714843e-22, 2.263540e-01, 1.949461e-23
2.605210, 1.274208e+01, 0.000000e+00, 3.039750e+06, 6.000000e+02, 2.852239e-02, 9.768357e-22, 2.714843e-22, 2.263540e-01, 1.949461e-23
2.805611, 1.274208e+01, 0.000000e+00, 3.039750e+06, 6.000000e+02, 2.852239e-02, 9.768357e-22, 2.714843e-22, 2.263540e-01, 1.949461e-23
3.006012, 1.274208e+01, 0.000000e+00, 3.039750e+06, 6.000000e+02, 2.852239e-02, 9.768357e-22, 2.714843e-22, 2.263540e-01, 1.949461e-23
3.206413, 1.274208e+01, 0.000000e+00, 3.039750e+06, 6.000000e+02, 2.852239e-02, 9.768357e-22, 2.714843e-22, 2.263540e-01, 1.949461e-23
3.406814, 1.274208e+01, 0.000000e+00, 3.039750e+06, 6.000000e+02, 2.852239e-02, 9.768357e-22, 2.714843e-22, 2.263540e-01, 1.949461e-23
3.607214, 1.274208e+01, 0.000000e+00, 3.039750e+06, 6.000000e+02, 2.852239e-02, 9.768357e-22, 2.714843e-22, 2.263540e-01, 1.949461e-23
3.807615, 1.274208e+01, 0.000000e+00, 3.039750e+06, 6.000000e+02, 2.852239e-02, 9.768357e-22, 2.714843e-22, 2.263540e-01, 1.949461e-23
4.008016, 1.274208e+01, 0.000000e+00, 3.039750e+06, 6.000000e+02, 2.852239e-02, 9.768357e-22, 2.714843e-22, 2.263540e-01, 1.949461e-23
4.208417, 1.274208e+01, 0.000000e+00, 3.039750e+06, 6.000000e+02, 2.852239e-02, 9.768357e-22, 2.714843e-22, 2.263540e-01, 1.949461e-23
4.408818, 1.274208e+01, 0.000000e+00, 3.039750e+06, 6.000000e+02, 2.852239e-02, 9.768357e-22, 2.714843e-22, 2.263540e-01, 1.949461e-23
4.609218, 1.274208e+01, 0.000000e+00, 3.039750e+06, 6.000000e+02, 2.852239e-02, 9.768357e-22, 2.714843e-22, 2.263540e-01, 1.949461e-23
4.809619, 1.274208e+01, 0.000000e+00, 3.039750e+06, 6.000000e+02, 2.852239e-02, 9.768357e-22, 2.714843e-22, 2.263540e-01, 1.949461e-23
5.010020, 1.274208e+01, 0.000000e+00, 3.039750e+06, 6.000000e+02, 2.852239e-02, 9.768357e-22, 2.714843e-22, 2.263540e-01, 1.949461e-23
5.210421, 1.274208e+01, 0.000000e+00, 3.039750e+06, 6.000000e+02, 2.852239e-02, 9.768357e-22, 2.714843e-22, 2.263540e-01, 1.949461e-23
5.410822, 1.274208e+01, 0.000000e+00, 3.039750e+06, 6.000000e+02, 2.852239e-02, 9.768357e-22, 2.714843e-22, 2.263540e-01, 1.949461e-23
5.611222, 1.274208e+01, 0.000000e+00, 3.039750e+06, 6.000000e+02, 2.852239e-02, 9.768357e-22, 2.714843e-22, 2.263540e-01, 1.949461e-23
5.811623, 1.274208e+01, 0.000000e+00, 3.039750e+06, 6.000000e+02, 2.852239e-02, 9.768357e-22, 2.714843e-22, 2.263540e-01, 1.949461e-23
6.012024, 1.274208e+01, 0.000000e+00, 3.039750e+06, 6.000000e+02, 2.852239e-02, 9.768357e-22, 2.714843e-22, 2.263540e-01, 1.949461e-23
6.212425, 1.274208e+01, 0.000000e+00, 3.039750e+06, 6.000000e+02, 2.852239e-02, 9.768357e-22, 2.714843e-22, 2.263540e-01, 1.949461e-23
6.412826, 1.274208e+01, 0.000000e+00, 3.039750e+06, 6.000000e+02, 2.852239e-02, 9.768357e-22, 2.714843e-22, 2.263540e-01, 1.949461e-23
6.613226, 1.274208e+01, 0.000000e+00, 3.039750e+06, 6.000000e+02, 2.852239e-02, 9.768357e-22, 2.714843e-22, 2.263540e-01, 1.949461e-23
6.813627, 1.274208e+01, 0.000000e+00, 3.039750e+06, 6.000000e+02, 2.852239e-02, 9.768357e-22, 2.714843e-22, 2.263540e-01, 1.949461e-23
7.014028, 1.274208e+01, 0.000000e+00, 3.039750e+06, 6.000000e+02, 2.852239e-02, 9.768357e-22, 2.714843e-22, 2.263540e-01, 1.949461e-23
7.214429, 1.274208e+01, 0.000000e+00, 3.039750e+06, 6.000000e+02, 2.852239e-02, 9.768357e-22, 2.714843e-22, 2.263540e-01, 1.949461e-23
7.414830, 1.274208e+01, 0.000000e+00, 3.039750e+06, 6.000000e+02, 2.852239e-02, 9.768357e-22, 2.714843e-22, 2.263540e-01, 1.949461e-23
7.615230, 1.274208e+01, 0.000000e+00, 3.039750e+06, 6.000000e+02, 2.852239e-02, 9.768357e-22, 2.714843e-22, 2.263540e-01, 1.949461e-23
7.815631, 1.274208e+01, 0.000000e+00, 3.039750e+06, 6.000000e+02, 2.852239e-02, 9.768357e-22, 2.714843e-22, 2.263540e-01, 1.949461e-23
8.016032, 1.274208e+01, 0.000000e+00, 3.039750e+06, 6.000000e+02, 2.852239e-02, 9.768357e-22, 2.714843e-22, 2.263540e-01, 1.949461e-23
8.216433, 1.274208e+01, 0.000000e+00, 3.039750e+06, 6.000000e+02, 2.852239e-02, 9.768357e-22, 2.714843e-22, 2.263540e-01, 1.949461e-23
8.416834, 1.274208e+01, 0.000000e+00, 3.039750e+06, 6.000000e+02, 2.852239e-02, 9.768357e-22, 2.714843e-22, 2.263540e-01, 1.949461e-23
8.617234, 1.274208e+01, 0.000000e+00, 3.039750e+06, 6.000000e+02, 2.852239e-02, 9.768357e-22, 2.714843e-22, 2.263540e-01, 1.949461e-23
8.817635, 1.274208e+01, 0.000000e+00, 3.039750e+06, 6.000000e+02, 2.852239e-02, 9.768357e-22, 2.714843e-22, 2.263540e-01, 1.949461e-23
9.018036, 1.274208e+01, 0.000000e+00, 3.039750e+06, 6.000000e+02, 2.852239e-02, 9.768357e-22, 2.714843e-22, 2.263540e-01, 1.949461e-23
9.218437, 1.274208e+01, 0.000000e+00, 3.039750e+06, 6.000000e+02, 2.852239e-02, 9.768357e-22, 2.714843e-22, 2.263540e-01, 1.949461e-23
9.418838, 1.274208e+01, 0.000000e+00, 3.039750e+06, 6.000000e+02, 2.852239e-02, 9.768357e-22, 2.714843e-22, 2.263540e-01, 1.949461e-23
9.619238, 1.274208e+01, 0.000000e+00, 3.039750e+06, 6.000000e+02, 2.852239e-02, 9.768357e-22, 2.714843e-22, 2.263540e-01, 1.949461e-23
9.819639, 1.274208e+01, 0.000000e+00, 3.039750e+06, 6.000000e+02, 2.852239e-02, 9.768357e-22, 2.714843e-22, 2.263540e-01, 1.949461e-23
10.020040, 1.274208e+01, 0.000000e+00, 3.039750e+06, 6.000000e+02, 2.852239e-02, 9.768357e-22, 2.714843e-22, 2.263540e-01, 1.949461e-23
10.220441, 1.274208e+01, 0.000000e+00, 3.039750e+06, 6.000000e+02, 2.852239e-02, 9.768357e-22, 2.714843e-22, 2.263540e-01, 1.949461e-23
10.420842, 1.274208e+01, 0.000000e+00, 3.039750e+06, 6.000000e+02, 2.852239e-02, 9.768357e-22, 2.714843e-22, 2.263540e-01, 1.949461e-23
10.621242, 1.274208e+01, 0.000000e+00, 3.039750e+06, 6.000000e+02, 2.852239e-02, 9.768357e-22, 2.714843e-22, 2.263540e-01, 1.949461e-23
10.821643, 1.274208e+01, 0.000000e+00, 3.039750e+06, 6.000000e+02, 2.852239e-02, 9.768357e-22, 2.714843e-22, 2.263540e-01, 1.949461e-23
11.022044, 1.274208e+01, 0.000000e+00, 3.039750e+06, 6.000000e+02, 2.852239e-02, 9.768357e-22, 2.714843e-22, 2.263540e-01, 1.949461e-23
11.222445, 1.274208e+01, 0.000000e+00, 3.039750e+06, 6.000000e+02, 2.852239e-02, 9.768357e-22, 2.714843e-22, 2.263540e-01, 1.949461e-23
11.422846, 1.274208e+01, 0.000000e+00, 3.039750e+06, 6.000000e+02, 2.852239e-02, 9.768357e-22, 2.714843e-22, 2.263540e-01, 1.949461e-23
11.623246, 1.274208e+01, 0.000000e+00, 3.039750e+06, 6.000000e+02, 2.852239e-02, 9.768357e-22, 2.714843e-22, 2.263540e-01, 1.949461e-23
11.823647, 1.274208e+01, -8.797182e-15, 3.039750e+06, 6.000000e+02, 2.852239e-02, 9.768357e-22, 2.714843e-22, 2.263540e-01, 1.949461e-23
12.024048, 1.274208e+01, -1.132355e-13, 3.039750e+06, 6.000000e+02, 2.852239e-02, 9.768357e-22, 2.714843e-22, 2.263540e-01, 1.949461e-23
12.224449, 1.274208e+01, -6.651725e-13, 3.039750e+06, 6.000000e+02, 2.852239e-02, 9.768357e-22, 2.714843e-22, 2.263540e-01, 1.949461e-23
12.424850, 1.274208e+01, -3.100888e-12, 3.039750e+06, 6.000000e+02, 2.852239e-02, 9.768357e-22, 2.714843e-22, 2.263540e-01, 1.949461e-23
12.625251, 1.274208e+01, -1.326903e-11, 3.039750e+06, 6.000000e+02, 2.852239e-02, 9.768357e-22, 2.714843e-22, 2.263540e-01, 1.949461e-23
12.825651, 1.274208e+01, -5.480467e-11, 3.039750e+06, 6.000000e+02, 2.852239e-02, 9.768357e-22, 2.714843e-22, 2.263540e-01, 1.949461e-23
13.026052, 1.274208e+01, -2.210515e-10, 3.039750e+06, 6.000000e+02, 2.852239e-02, 9.768357e-22, 2.714843e-22, 2.263540e-01, 1.949461e-23
13.226453, 1.274208e+01, -8.723941e-10, 3.039750e+06, 6.000000e+02, 2.852239e-02, 9.768357e-22, 2.714843e-22, 2.263540e-01, 1.949461e-23
13.426854, 1.274208e+01, -3.371665e-09, 3.039750e+06, 6.000000e+02, 2.852239e-02, 9.768357e-22, 2.714843e-22, 2.263540e-01, 1.949461e-23
13.627255, 1.274208e+01, -1.276248e-08, 3.039750e+06, 6.000000e+02, 2.852239e-02, 9.768357e-22, 2.714843e-22, 2.263540e-01, 1.949461e-23
13.827655, 1.274208e+01, -4.730775e-08, 3.039750e+06, 6.000000e+02, 2.852239e-02, 9.768357e-22, 2.714843e-22, 2.263540e-01, 1.949461e-23
14.028056, 1.274208e+01, -1.717043e-07, 3.039750e+06, 6.000000e+02, 2.852239e-02, 9.768357e-22, 2.714843e-22, 2.263540e-01, 1.949461e-23
14.228457, 1.274208e+01, -6.101539e-07, 3.039750e+06, 6.000000e+02, 2.852239e-02, 9.768357e-22, 2.714843e-22, 2.263540e-01, 1.949461e-23
14.428858, 1.274208e+01, -2.122631e-06, 3.039750e+06, 6.000000e+02, 2.852239e-02, 9.768357e-22, 2.714843e-22, 2.263540e-01, 1.949461e-23
14.629259, 1.274208e+01, -7.228840e-06, 3.039750e+06, 6.000000e+02, 2.852239e-02, 9.768357e-22, 2.714843e-22, 2.263540e-01, 1.949461e-23
14.829659, 1.274208e+01, -2.410033e-05, 3.039750e+06, 6.000000e+02, 2.852239e-02, 9.768357e-22, 2.714843e-22, 2.263540e-01, 1.949461e-23
15.030060, 1.274208e+01, -7.866122e-05, 3.039750e+06, 6.000000e+02, 2.852239e-02, 9.768356e-22, 2.714843e-22, 2.263540e-01, 1.949461e-23
15.230461, 1.274209e+01, -2.513804e-04, 3.039751e+06, 6.000000e+02, 2.852239e-02, 9.768353e-22, 2.714842e-22, 2.263540e-01, 1.949461e-23
15.430862, 1.274210e+01, -7.867101e-04, 3.039754e+06, 6.000000e+02, 2.852239e-02, 9.768343e-22, 2.714839e-22, 2.263540e-01, 1.949459e-23
15.631263, 1.274214e+01, -2.411702e-03, 3.039764e+06, 6.000000e+02, 2.852239e-02, 9.768313e-22, 2.714831e-22, 2.263540e-01, 1.949453e-23
15.831663, 1.274225e+01, -7.244480e-03, 3.039791e+06, 6.000000e+02, 2.852239e-02, 9.768225e-22, 2.714807e-22, 2.263540e-01, 1.949436e-23
16.032064, 1.274259e+01, -2.133285e-02, 3.039871e+06, 6.000000e+02, 2.852239e-02, 9.767968e-22, 2.714736e-22, 2.263540e-01, 1.949385e-23
16.232465, 1.274355e+01, -6.161087e-02, 3.040101e+06, 6.000000e+02, 2.852239e-02, 9.767232e-22, 2.714533e-22, 2.263540e-01, 1.949239e-23
16.432866, 1.274625e+01, -1.745966e-01, 3.040745e+06, 6.000000e+02, 2.852239e-02, 9.765166e-22, 2.713963e-22, 2.263540e-01, 1.948828e-23
16.633267, 1.275369e+01, -4.856254e-01, 3.042519e+06, 6.000000e+02, 2.852239e-02, 9.759476e-22, 2.712394e-22, 2.263540e-01, 1.947698e-23
16.833667, 1.277380e+01, -1.325180e+00, 3.047317e+06, 6.000000e+02, 2.852239e-02, 9.744129e-22, 2.708160e-22, 2.263540e-01, 1.944648e-23
17.034068, 1.282698e+01, -3.539633e+00, 3.060003e+06, 6.000000e+02, 2.852239e-02, 9.703782e-22, 2.697026e-22, 2.263540e-01, 1.936648e-23
17.234469, 1.296339e+01, -9.189680e+00, 3.092546e+06, 6.000000e+02, 2.852239e-02, 9.601859e-22, 2.668877e-22, 2.263540e-01, 1.932811e-23
17.434870, 1.329630e+01, -2.278535e+01, 3.171964e+06, 6.000000e+02, 2.852239e-02, 9.374363e-22, 2.605980e-22, 2.263540e-01, 5.907055e-23
17.635271, 1.403955e+01, -5.204939e+01, 3.349273e+06, 6.000000e+02, 2.852238e-02, 9.837390e-22, 2.734638e-22, 2.263540e-01, 3.223009e-21
17.835671, 1.547009e+01, -1.040443e+02, 3.690541e+06, 6.000000e+02, 2.852221e-02, 3.359262e-21, 9.330878e-22, 2.263526e-01, 8.893654e-20
18.036072, 1.770440e+01, -1.752498e+02, 4.223510e+06, 6.000000e+02, 2.852011e-02, 2.774760e-20, 7.709256e-21, 2.263358e-01, 1.011271e-18
18.236473, 2.045498e+01, -2.499062e+02, 4.879362e+06, 6.000000e+02, 2.850764e-02, 1.462094e-19, 4.062311e-20, 2.262361e-01, 5.900672e-18
18.436874, 2.315813e+01, -3.128100e+02, 5.522860e+06, 6.000000e+02, 2.846201e-02, 4.994558e-19, 1.387871e-19, 2.258714e-01, 2.194804e-17
18.637275, 2.534824e+01, -3.577639e+02, 6.041363e+06, 6.000000e+02, 2.834151e-02, 1.271363e-18, 3.532357e-19, 2.249085e-01, 6.093769e-17
18.837675, 2.683998e+01, -3.855127e+02, 6.388351e+06, 6.000000e+02, 2.808590e-02, 2.629795e-18, 7.303230e-19, 2.228665e-01, 1.392799e-16
19.038076, 2.766581e+01, -3.993568e+02, 6.568923e+06, 6.000000e+02, 2.762182e-02, 4.635969e-18, 1.286220e-18, 2.191600e-01, 2.777062e-16
19.238477, 2.795121e+01, -4.026542e+02, 6.610655e+06, 6.000000e+02, 2.687352e-02, 7.174725e-18, 1.987167e-18, 2.131859e-01, 5.004190e-16
19.438878, 2.783119e+01, -3.979972e+02, 6.544329e+06, 6.000000e+02, 2.577777e-02, 9.996220e-18, 2.761110e-18, 2.044418e-01, 8.338843e-16
19.639279, 2.741317e+01, -3.871768e+02, 6.395647e+06, 6.000001e+02, 2.429954e-02, 1.288451e-17, 3.545278e-18, 1.926521e-01, 1.305637e-15
19.839679, 2.676944e+01, -3.713404e+02, 6.183721e+06, 6.000002e+02, 2.244351e-02, 1.584668e-17, 4.339743e-18, 1.778586e-01, 1.943407e-15
20.040080, 2.594224e+01, -3.511645e+02, 5.922197e+06, 6.000003e+02, 2.025673e-02, 1.922766e-17, 5.240089e-18, 1.604419e-01, 2.775066e-15
20.240481, 2.495313e+01, -3.270100e+02, 5.620980e+06, 6.000006e+02, 1.782052e-02, 2.380726e-17, 6.468078e-18, 1.410550e-01, 3.831142e-15
20.440882, 2.381444e+01, -2.990675e+02, 5.288090e+06, 6.000012e+02, 1.523257e-02, 3.107554e-17, 8.467575e-18, 1.204796e-01, 5.156222e-15
20.641283, 2.254052e+01, -2.675692e+02, 4.931239e+06, 6.000026e+02, 1.258204e-02, 4.406476e-17, 1.223716e-17, 9.942626e-02, 6.855386e-15
20.841683, 2.114111e+01, -2.334089e+02, 4.555446e+06, 6.000072e+02, 9.919003e-03, 7.054595e-17, 2.084003e-17, 7.828695e-02, 9.285039e-15
21.042084, 1.939144e+01, -2.035960e+02, 4.113478e+06, 6.000315e+02, 7.205568e-03, 1.522588e-16, 3.144818e-16, 5.674673e-02, 1.385821e-14
21.242485, 1.350005e+01, -2.879295e+02, 2.816075e+06, 6.006878e+02, 4.164025e-03, 8.803480e-15, 5.176893e-11, 3.262690e-02, 4.124435e-12
21.442886, 3.107323e+00, -7.613947e+02, 1.823835e+06, 1.728934e+03, 3.125430e-04, 3.316125e-06, 5.715847e-06, 2.356814e-03, 2.929569e-04
21.643287, 1.196418e+00, -1.297896e+03, 1.327186e+06, 3.136078e+03, 3.687509e-03, 5.791985e-04, 3.969299e-03, 1.938913e-02, 2.227597e-02
21.843687, 1.355699e+00, -1.129746e+03, 1.527083e+06, 3.177974e+03, 3.818219e-03, 6.178771e-04, 4.273589e-03, 1.990534e-02, 2.338296e-02
22.044088, 1.470158e+00, -1.005171e+03, 1.669099e+06, 3.200420e+03, 3.871704e-03, 6.328924e-04, 4.398178e-03, 2.008952e-02, 2.387842e-02
22.244489, 1.558464e+00, -9.035283e+02, 1.778491e+06, 3.215422e+03, 3.902195e-03, 6.410379e-04, 4.468543e-03, 2.018360e-02, 2.417799e-02
22.444890, 1.631449e+00, -8.140075e+02, 1.868896e+06, 3.226696e+03, 3.922568e-03, 6.462277e-04, 4.515004e-03, 2.024040e-02, 2.438764e-02
22.645291, 1.693541e+00, -7.321301e+02, 1.945879e+06, 3.235684e+03, 3.937581e-03, 6.499132e-04, 4.548919e-03, 2.027898e-02, 2.454729e-02
22.845691, 1.746969e+00, -6.556073e+02, 2.012218e+06, 3.243078e+03, 3.949372e-03, 6.527408e-04, 4.575410e-03, 2.030764e-02, 2.467522e-02
23.046092, 1.793064e+00, -5.830589e+02, 2.069554e+06, 3.249259e+03, 3.959003e-03, 6.550244e-04, 4.597006e-03, 2.033035e-02, 2.478082e-02
23.246493, 1.832715e+00, -5.135601e+02, 2.118965e+06, 3.254457e+03, 3.967036e-03, 6.569238e-04, 4.615031e-03, 2.034905e-02, 2.486926e-02
23.446894, 1.866556e+00, -4.464463e+02, 2.161210e+06, 3.258823e+03, 3.973794e-03, 6.585268e-04, 4.630232e-03, 2.036479e-02, 2.494366e-02
23.647295, 1.895056e+00, -3.812132e+02, 2.196851e+06, 3.262462e+03, 3.979482e-03, 6.598864e-04, 4.643075e-03, 2.037819e-02, 2.500605e-02
23.847695, 1.918572e+00, -3.174618e+02, 2.226313e+06, 3.265450e+03, 3.984236e-03, 6.610366e-04, 4.653862e-03, 2.038961e-02, 2.505783e-02
24.048096, 1.937383e+00, -2.548653e+02, 2.249922e+06, 3.267841e+03, 3.988146e-03, 6.619988e-04, 4.662795e-03, 2.039929e-02, 2.509995e-02
24.248497, 1.951699e+00, -1.931478e+02, 2.267931e+06, 3.269676e+03, 3.991271e-03, 6.627861e-04, 4.669998e-03, 2.040738e-02, 2.513309e-02
24.448898, 1.961680e+00, -1.320697e+02, 2.280525e+06, 3.270984e+03, 3.993649e-03, 6.634061e-04, 4.675550e-03, 2.041393e-02, 2.515767e-02
24.649299, 1.967437e+00, -7.141610e+01, 2.287837e+06, 3.271783e+03, 3.995305e-03, 6.638633e-04, 4.679499e-03, 2.041899e-02, 2.517399e-02
24.849699, 1.969035e+00, -1.099081e+01, 2.289943e+06, 3.272087e+03, 3.996266e-03, 6.641657e-04, 4.681913e-03, 2.042266e-02, 2.518232e-02
25.050100, 1.966345e+00, 4.933037e+01, 2.286730e+06, 3.271934e+03, 3.996827e-03, 6.644181e-04, 4.683568e-03, 2.042631e-02, 2.518480e-02
25.250501, 1.959382e+00, 1.095736e+02, 2.278163e+06, 3.271265e+03, 3.996638e-03, 6.644988e-04, 4.683548e-03, 2.042837e-02, 2.517879e-02
25.450902, 1.948404e+00, 1.698142e+02, 2.264564e+06, 3.270103e+03, 3.995712e-03, 6.644070e-04, 4.681869e-03, 2.042879e-02, 2.516453e-02
25.651303, 1.933416e+00, 2.302405e+02, 2.245947e+06, 3.268441e+03, 3.994033e-03, 6.641391e-04, 4.678497e-03, 2.042754e-02, 2.514186e-02
25.851703, 1.914387e+00, 2.910516e+02, 2.222280e+06, 3.266266e+03, 3.991583e-03, 6.636912e-04, 4.673393e-03, 2.042458e-02, 2.511058e-02
26.052104, 1.891243e+00, 3.524650e+02, 2.193485e+06, 3.263555e+03, 3.988333e-03, 6.630570e-04, 4.666495e-03, 2.041984e-02, 2.507035e-02
26.252505, 1.863864e+00, 4.147258e+02, 2.159427e+06, 3.260277e+03, 3.984232e-03, 6.622250e-04, 4.657693e-03, 2.041321e-02, 2.502061e-02
26.452906, 1.832082e+00, 4.781190e+02, 2.119911e+06, 3.256388e+03, 3.979204e-03, 6.611768e-04, 4.646818e-03, 2.040448e-02, 2.496058e-02
26.653307, 1.795660e+00, 5.429852e+02, 2.074665e+06, 3.251825e+03, 3.973133e-03, 6.598830e-04, 4.633610e-03, 2.039331e-02, 2.488909e-02
26.853707, 1.754279e+00, 6.097464e+02, 2.023314e+06, 3.246504e+03, 3.965850e-03, 6.582986e-04, 4.617677e-03, 2.037918e-02, 2.480445e-02
27.054108, 1.707497e+00, 6.789477e+02, 1.965334e+06, 3.240302e+03, 3.957086e-03, 6.563498e-04, 4.598394e-03, 2.036123e-02, 2.470410e-02
27.254509, 1.654682e+00, 7.513307e+02, 1.899964e+06, 3.233038e+03, 3.946385e-03, 6.539064e-04, 4.574687e-03, 2.033784e-02, 2.458388e-02
27.454910, 1.594876e+00, 8.279782e+02, 1.826031e+06, 3.224414e+03, 3.932925e-03, 6.507242e-04, 4.544585e-03, 2.030596e-02, 2.443651e-02
27.655311, 1.526479e+00, 9.106310e+02, 1.741555e+06, 3.213917e+03, 3.915150e-03, 6.463332e-04, 4.504353e-03, 2.025959e-02, 2.424859e-02
27.855711, 1.446495e+00, 1.002451e+03, 1.642800e+06, 3.200558e+03, 3.889898e-03, 6.397708e-04, 4.446424e-03, 2.018622e-02, 2.399337e-02
28.056112, 1.350228e+00, 1.108667e+03, 1.523734e+06, 3.182259e+03, 3.849224e-03, 6.285480e-04, 4.351722e-03, 2.005235e-02, 2.360686e-02
28.256513, 1.316622e+00, 1.155905e+03, 1.473457e+06, 3.161100e+03, 3.744015e-03, 5.942299e-04, 4.094610e-03, 1.958227e-02, 2.280197e-02
28.456914, 2.784807e+00, 7.088181e+02, 2.076440e+06, 2.194631e+03, 3.778188e-04, 6.664046e-06, 2.747311e-05, 2.475544e-03, 1.162249e-03
28.657315, 1.192266e+01, 2.969136e+02, 2.563725e+06, 6.215225e+02, 3.586734e-03, 8.410775e-15, 2.114551e-12, 2.763589e-02, 5.908758e-13
28.857715, 1.845254e+01, 1.871135e+02, 3.904367e+06, 6.004184e+02, 6.711185e-03, 4.897493e-16, 7.063590e-13, 5.241299e-02, 6.705357e-14
29.058116, 2.027157e+01, 2.116120e+02, 4.354014e+06, 6.000293e+02, 9.400033e-03, 1.370964e-16, 7.659347e-17, 7.378495e-02, 1.846746e-14
29.258517, 2.161509e+01, 2.438938e+02, 4.710893e+06, 6.000073e+02, 1.195497e-02, 7.269387e-17, 8.155086e-16, 9.410682e-02, 1.315668e-14
29.458918, 2.286109e+01, 2.744863e+02, 5.053468e+06, 6.000029e+02, 1.445968e-02, 4.777763e-17, -7.389255e-16, 1.140424e-01, 9.589297e-15
29.659319, 2.402127e+01, 3.024126e+02, 5.382731e+06, 6.000014e+02, 1.690039e-02, 3.520998e-17, 9.939953e-18, 1.334863e-01, 7.079016e-15
29.859719, 2.508164e+01, 3.274028e+02, 5.692731e+06, 6.000007e+02, 1.922207e-02, 2.766923e-17, 7.403132e-18, 1.520004e-01, 5.154996e-15
30.060120, 2.602885e+01, 3.492801e+02, 5.976808e+06, 6.000004e+02, 2.135515e-02, 2.257178e-17, 6.075480e-18, 1.690265e-01, 3.680710e-15
30.260521, 2.684708e+01, 3.678223e+02, 6.227512e+06, 6.000002e+02, 2.323392e-02, 1.864593e-17, 5.064500e-18, 1.840355e-01, 2.558011e-15
30.460922, 2.751048e+01, 3.826590e+02, 6.435454e+06, 6.000001e+02, 2.481050e-02, 1.520057e-17, 4.160511e-18, 1.966398e-01, 1.718019e-15
30.661323, 2.797508e+01, 3.931650e+02, 6.587853e+06, 6.000000e+02, 2.606348e-02, 1.190715e-17, 3.278186e-18, 2.066633e-01, 1.106093e-15
30.861723, 2.817165e+01, 3.983327e+02, 6.667078e+06, 6.000000e+02, 2.700035e-02, 8.734107e-18, 2.414428e-18, 2.141620e-01, 6.758594e-16
31.062124, 2.800127e+01, 3.966274e+02, 6.649604e+06, 6.000000e+02, 2.765393e-02, 5.860418e-18, 1.624226e-18, 2.193957e-01, 3.868359e-16
31.262525, 2.733934e+01, 3.858605e+02, 6.506770e+06, 6.000000e+02, 2.807443e-02, 3.520248e-18, 9.770911e-19, 2.227641e-01, 2.036329e-16
31.462926, 2.606157e+01, 3.631606e+02, 6.210641e+06, 6.000000e+02, 2.831955e-02, 1.848069e-18, 5.133470e-19, 2.247282e-01, 9.592071e-17
31.663327, 2.410533e+01, 3.254374e+02, 5.748246e+06, 6.000000e+02, 2.844538e-02, 8.180491e-19, 2.273031e-19, 2.257367e-01, 3.869660e-17
31.863727, 2.157184e+01, 2.709540e+02, 5.145562e+06, 6.000000e+02, 2.849960e-02, 2.864867e-19, 7.960337e-20, 2.261713e-01, 1.242699e-17
32.064128, 1.881179e+01, 2.025724e+02, 4.487629e+06, 6.000000e+02, 2.851769e-02, 7.109024e-20, 1.974852e-20, 2.263164e-01, 2.817785e-18
32.264529, 1.635147e+01, 1.310098e+02, 3.900793e+06, 6.000000e+02, 2.852182e-02, 1.096895e-20, 3.047536e-21, 2.263494e-01, 3.781922e-19
32.464930, 1.459659e+01, 7.181084e+01, 3.482160e+06, 6.000000e+02, 2.852235e-02, 1.553664e-21, 4.315038e-22, 2.263537e-01, 2.443558e-20
32.665331, 1.358683e+01, 3.395416e+01, 3.241272e+06, 6.000000e+02, 2.852239e-02, 9.352099e-22, 2.599913e-22, 2.263540e-01, 6.550748e-22
32.865731, 1.309671e+01, 1.450005e+01, 3.124349e+06, 6.000000e+02, 2.852239e-02, 9.506032e-22, 2.642403e-22, 2.263540e-01, 2.502901e-23
33.066132, 1.288383e+01, 5.838023e+00, 3.073566e+06, 6.000000e+02, 2.852239e-02, 9.661017e-22, 2.685222e-22, 2.263540e-01, 1.930144e-23
33.266533, 1.279710e+01, 2.273199e+00, 3.052875e+06, 6.000000e+02, 2.852239e-02, 9.726411e-22, 2.703273e-22, 2.263540e-01, 1.941129e-23
33.466934, 1.276301e+01, 8.661827e-01, 3.044742e+06, 6.000000e+02, 2.852239e-02, 9.752359e-22, 2.710431e-22, 2.263540e-01, 1.946284e-23
33.667335, 1.274991e+01, 3.245186e-01, 3.041618e+06, 6.000000e+02, 2.852239e-02, 9.762365e-22, 2.713191e-22, 2.263540e-01, 1.948272e-23
33.867735, 1.274497e+01, 1.197401e-01, 3.040439e+06, 6.000000e+02, 2.852239e-02, 9.766147e-22, 2.714234e-22, 2.263540e-01, 1.949023e-23
34.068136, 1.274313e+01, 4.352865e-02, 3.040000e+06, 6.000000e+02, 2.852239e-02, 9.767555e-22, 2.714622e-22, 2.263540e-01, 1.949303e-23
34.268537, 1.274246e+01, 1.558843e-02, 3.039839e+06, 6.000000e+02, 2.852239e-02, 9.768070e-22, 2.714764e-22, 2.263540e-01, 1.949405e-23
34.468938, 1.274221e+01, 5.498037e-03, 3.039782e+06, 6.000000e+02, 2.852239e-02, 9.768256e-22, 2.714815e-22, 2.263540e-01, 1.949442e-23
34.669339, 1.274213e+01, 1.909249e-03, 3.039761e+06, 6.000000e+02, 2.852239e-02, 9.768322e-22, 2.714833e-22, 2.263540e-01, 1.949455e-23
34.869739, 1.274210e+01, 6.526005e-04, 3.039754e+06, 6.000000e+02, 2.852239e-02, 9.768345e-22, 2.714840e-22, 2.263540e-01, 1.949459e-23
35.070140, 1.274209e+01, 2.195129e-04, 3.039751e+06, 6.000000e+02, 2.852239e-02, 9.768353e-22, 2.714842e-22, 2.263540e-01, 1.949461e-23
35.270541, 1.274208e+01, 7.264728e-05, 3.039750e+06, 6.000000e+02, 2.852239e-02, 9.768356e-22, 2.714843e-22, 2.263540e-01, 1.949461e-23
35.470942, 1.274208e+01, 2.365186e-05, 3.039750e+06, 6.000000e+02, 2.852239e-02, 9.768357e-22, 2.714843e-22, 2.263540e-01, 1.949461e-23
35.671343, 1.274208e+01, 7.574574e-06, 3.039750e+06, 6.000000e+02, 2.852239e-02, 9.768357e-22, 2.714843e-22, 2.263540e-01, 1.949461e-23
35.871743, 1.274208e+01, 2.386039e-06, 3.039750e+06, 6.000000e+02, 2.852239e-02, 9.768357e-22, 2.714843e-22, 2.263540e-01, 1.949461e-23
36.072144, 1.274208e+01, 7.392983e-07, 3.039750e+06, 6.000000e+02, 2.852239e-02, 9.768357e-22, 2.714843e-22, 2.263540e-01, 1.949461e-23
36.272545, 1.274208e+01, 2.253180e-07, 3.039750e+06, 6.000000e+02, 2.852239e-02, 9.768357e-22, 2.714843e-22, 2.263540e-01, 1.949461e-23
36.472946, 1.274208e+01, 6.755074e-08, 3.039750e+06, 6.000000e+02, 2.852239e-02, 9.768357e-22, 2.714843e-22, 2.263540e-01, 1.949461e-23
36.673347, 1.274208e+01, 1.992308e-08, 3.039750e+06, 6.000000e+02, 2.852239e-02, 9.768357e-22, 2.714843e-22, 2.263540e-01, 1.949461e-23
36.873747, 1.274208e+01, 5.781135e-09, 3.039750e+06, 6.000000e+02, 2.852239e-02, 9.768357e-22, 2.714843e-22, 2.263540e-01, 1.949461e-23
37.074148, 1.274208e+01, 1.650612e-09, 3.039750e+06, 6.000000e+02, 2.852239e-02, 9.768357e-22, 2.714843e-22, 2.263540e-01, 1.949461e-23
37.274549, 1.274208e+01, 4.637472e-10, 3.039750e+06, 6.000000e+02, 2.852239e-02, 9.768357e-22, 2.714843e-22, 2.263540e-01, 1.949461e-23
37.474950, 1.274208e+01, 1.281943e-10, 3.039750e+06, 6.000000e+02, 2.852239e-02, 9.768357e-22, 2.714843e-22, 2.263540e-01, 1.949461e-23
37.675351, 1.274208e+01, 3.483270e-11, 3.039750e+06, 6.000000e+02, 2.852239e-02, 9.768357e-22, 2.714843e-22, 2.263540e-01, 1.949461e-23
37.875752, 1.274208e+01, 9.257341e-12, 3.039750e+06, 6.000000e+02, 2.852239e-02, 9.768357e-22, 2.714843e-22, 2.263540e-01, 1.949461e-23
38.076152, 1.274208e+01, 2.389150e-12, 3.039750e+06, 6.000000e+02, 2.852239e-02, 9.768357e-22, 2.714843e-22, 2.263540e-01, 1.949461e-23
38.276553, 1.274208e+01, 5.836138e-13, 3.039750e+06, 6.000000e+02, 2.852239e-02, 9.768357e-22, 2.714843e-22, 2.263540e-01, 1.949461e-23
38.476954, 1.274208e+01, 1.102743e-13, 3.039750e+06, 6.000000e+02, 2.852239e-02, 9.768357e-22, 2.714843e-22, 2.263540e-01, 1.949461e-23
38.677355, 1.274208e+01, 1.170898e-14, 3.039750e+06, 6.000000e+02, 2.852239e-02, 9.768357e-22, 2.714843e-22, 2.263540e-01, 1.949461e-23
38.877756, 1.274208e+01, 0.000000e+00, 3.039750e+06, 6.000000e+02, 2.852239e-02, 9.768357e-22, 2.714843e-22, 2.263540e-01, 1.949461e-23
39.078156, 1.274208e+01, 0.000000e+00, 3.039750e+06, 6.000000e+02, 2.852239e-02, 9.768357e-22, 2.714843e-22, 2.263540e-01, 1.949461e-23
39.278557, 1.274208e+01, 2.039289e-14, 3.039750e+06, 6.000000e+02, 2.852239e-02, 9.768357e-22, 2.714843e-22, 2.263540e-01, 1.949461e-23
39.478958, 1.274208e+01, 2.231401e-13, 3.039750e+06, 6.000000e+02, 2.852239e-02, 9.768357e-22, 2.714843e-22, 2.263540e-01, 1.949461e-23
39.679359, 1.274208e+01, 1.110757e-12, 3.039750e+06, 6.000000e+02, 2.852239e-02, 9.768357e-22, 2.714843e-22, 2.263540e-01, 1.949461e-23
39.879760, 1.274208e+01, 4.538481e-12, 3.039750e+06, 6.000000e+02, 2.852239e-02, 9.768357e-22, 2.714843e-22, 2.263540e-01, 1.949461e-23
40.080160, 1.274208e+01, 1.750059e-11, 3.039750e+06, 6.000000e+02, 2.852239e-02, 9.768357e-22, 2.714843e-22, 2.263540e-01, 1.949461e-23
40.280561, 1.274208e+01, 6.560925e-11, 3.039750e+06, 6.000000e+02, 2.852239e-02, 9.768357e-22, 2.714843e-22, 2.263540e-01, 1.949461e-23
40.480962, 1.274208e+01, 2.404701e-10, 3.039750e+06, 6.000000e+02, 2.852239e-02, 9.768357e-22, 2.714843e-22, 2.263540e-01, 1.949461e-23
40.681363, 1.274208e+01, 8.615803e-10, 3.039750e+06, 6.000000e+02, 2.852239e-02, 9.768357e-22, 2.714843e-22, 2.263540e-01, 1.949461e-23
40.881764, 1.274208e+01, 3.015021e-09, 3.039750e+06, 6.000000e+02, 2.852239e-02, 9.768357e-22, 2.714843e-22, 2.263540e-01, 1.949461e-23
41.082164, 1.274208e+01, 1.029667e-08, 3.039750e+06, 6.000000e+02, 2.852239e-02, 9.768357e-22, 2.714843e-22, 2.263540e-01, 1.949461e-23
41.282565, 1.274208e+01, 3.429949e-08, 3.039750e+06, 6.000000e+02, 2.852239e-02, 9.768357e-22, 2.714843e-22, 2.263540e-01, 1.949461e-23
41.482966, 1.274208e+01, 1.113921e-07, 3.039750e+06, 6.000000e+02, 2.852239e-02, 9.768357e-22, 2.714843e-22, 2.263540e-01, 1.949461e-23
41.683367, 1.274208e+01, 3.525164e-07, 3.039750e+06, 6.000000e+02, 2.852239e-02, 9.768357e-22, 2.714843e-22, 2.263540e-01, 1.949461e-23
41.883768, 1.274208e+01, 1.086522e-06, 3.039750e+06, 6.000000e+02, 2.852239e-02, 9.768357e-22, 2.714843e-22, 2.263540e-01, 1.949461e-23
42.084168, 1.274208e+01, 3.259851e-06, 3.039750e+06, 6.000000e+02, 2.852239e-02, 9.768357e-22, 2.714843e-22, 2.263540e-01, 1.949461e-23
42.284569, 1.274208e+01, 9.515032e-06, 3.039750e+06, 6.000000e+02, 2.852239e-02, 9.768357e-22, 2.714843e-22, 2.263540e-01, 1.949461e-23
42.484970, 1.274208e+01, 2.700336e-05, 3.039750e+06, 6.000000e+02, 2.852239e-02, 9.768358e-22, 2.714843e-22, 2.263540e-01, 1.949461e-23
42.685371, 1.274208e+01, 7.446443e-05, 3.039750e+06, 6.000000e+02, 2.852239e-02, 9.768359e-22, 2.714843e-22, 2.263540e-01, 1.949462e-23
42.885772, 1.274208e+01, 1.993967e-04, 3.039749e+06, 6.000000e+02, 2.852239e-02, 9.768361e-22, 2.714844e-22, 2.263540e-01, 1.949462e-23
43.086172, 1.274207e+01, 5.181133e-04, 3.039747e+06, 6.000000e+02, 2.852239e-02, 9.768367e-22, 2.714846e-22, 2.263540e-01, 1.949464e-23
43.286573, 1.274205e+01, 1.305426e-03, 3.039743e+06, 6.000000e+02, 2.852239e-02, 9.768381e-22, 2.714850e-22, 2.263540e-01, 1.949467e-23
43.486974, 1.274200e+01, 3.186893e-03, 3.039732e+06, 6.000000e+02, 2.852239e-02, 9.768416e-22, 2.714859e-22, 2.263540e-01, 1.949474e-23
43.687375, 1.274190e+01, 7.532147e-03, 3.039707e+06, 6.000000e+02, 2.852239e-02, 9.768496e-22, 2.714881e-22, 2.263540e-01, 1.949490e-23
43.887776, 1.274167e+01, 1.722015e-02, 3.039651e+06, 6.000000e+02, 2.852239e-02, 9.768676e-22, 2.714931e-22, 2.263540e-01, 1.949526e-23
44.088176, 1.274116e+01, 3.804833e-02, 3.039530e+06, 6.000000e+02, 2.852239e-02, 9.769063e-22, 2.715038e-22, 2.263540e-01, 1.949603e-23
44.288577, 1.274011e+01, 8.117349e-02, 3.039280e+06, 6.000000e+02, 2.852239e-02, 9.769866e-22, 2.715260e-22, 2.263540e-01, 1.949763e-23
44.488978, 1.273802e+01, 1.670568e-01, 3.038780e+06, 6.000000e+02, 2.852239e-02, 9.771469e-22, 2.715704e-22, 2.263540e-01, 1.950082e-23
44.689379, 1.273400e+01, 3.313443e-01, 3.037822e+06, 6.000000e+02, 2.852239e-02, 9.774545e-22, 2.716555e-22, 2.263540e-01, 1.950695e-23
44.889780, 1.272661e+01, 6.328145e-01, 3.036060e+06, 6.000000e+02, 2.852239e-02, 9.780206e-22, 2.718123e-22, 2.263540e-01, 1.951822e-23
45.090180, 1.271360e+01, 1.162835e+00, 3.032954e+06, 6.000000e+02, 2.852239e-02, 9.790196e-22, 2.720890e-22, 2.263540e-01, 1.953812e-23
45.290581, 1.269165e+01, 2.054707e+00, 3.027719e+06, 6.000000e+02, 2.852239e-02, 9.807080e-22, 2.725569e-22, 2.263540e-01, 1.957176e-23
45.490982, 1.265629e+01, 3.490117e+00, 3.019285e+06, 6.000000e+02, 2.852239e-02, 9.834400e-22, 2.733142e-22, 2.263540e-01, 1.962619e-23
45.691383, 1.260188e+01, 5.699292e+00, 3.006302e+06, 6.000000e+02, 2.852239e-02, 9.876736e-22, 2.744881e-22, 2.263540e-01, 1.971056e-23
45.891784, 1.252187e+01, 8.952063e+00, 2.987217e+06, 6.000000e+02, 2.852239e-02, 9.939618e-22, 2.762321e-22, 2.263540e-01, 1.983589e-23
46.092184, 1.240947e+01, 1.353926e+01, 2.960402e+06, 6.000000e+02, 2.852239e-02, 1.002931e-21, 2.787204e-22, 2.263540e-01, 2.001468e-23
46.292585, 1.225834e+01, 1.974699e+01, 2.924349e+06, 6.000000e+02, 2.852239e-02, 1.015243e-21, 2.821367e-22, 2.263540e-01, 2.026013e-23
46.492986, 1.206353e+01, 2.782915e+01, 2.877874e+06, 6.000000e+02, 2.852239e-02, 1.031561e-21, 2.866654e-22, 2.263540e-01, 2.058546e-23
46.693387, 1.182212e+01, 3.798429e+01, 2.820284e+06, 6.000000e+02, 2.852239e-02, 1.052516e-21, 2.924816e-22, 2.263540e-01, 2.100325e-23
46.893788, 1.153369e+01, 5.034165e+01, 2.751476e+06, 6.000000e+02, 2.852239e-02, 1.078686e-21, 2.997461e-22, 2.263540e-01, 2.152505e-23
47.094188, 1.120027e+01, 6.495823e+01, 2.671936e+06, 6.000000e+02, 2.852239e-02, 1.110595e-21, 3.086044e-22, 2.263540e-01, 2.216129e-23
47.294589, 1.082605e+01, 8.182582e+01, 2.582663e+06, 6.000000e+02, 2.852239e-02, 1.148719e-21, 3.191889e-22, 2.263540e-01, 2.292148e-23
47.494990, 1.041679e+01, 1.008849e+02, 2.485028e+06, 6.000000e+02, 2.852239e-02, 1.193518e-21, 3.316266e-22, 2.263540e-01, 2.381474e-23
47.695391, 9.979124e+00, 1.220421e+02, 2.380619e+06, 6.000000e+02, 2.852239e-02, 1.245449e-21, 3.460442e-22, 2.263540e-01, 2.485020e-23
47.895792, 9.519954e+00, 1.451884e+02, 2.271080e+06, 6.000000e+02, 2.852239e-02, 1.305015e-21, 3.625816e-22, 2.263540e-01, 2.603788e-23
48.096192, 9.045871e+00, 1.702173e+02, 2.157982e+06, 6.000000e+02, 2.852239e-02, 1.372807e-21, 3.814019e-22, 2.263540e-01, 2.738952e-23
48.296593, 8.562735e+00, 1.970416e+02, 2.042725e+06, 6.000000e+02, 2.852239e-02, 1.449555e-21, 4.027075e-22, 2.263540e-01, 2.891968e-23
48.496994, 8.075357e+00, 2.256128e+02, 1.926456e+06, 6.000000e+02, 2.852239e-02, 1.536221e-21, 4.267643e-22, 2.263540e-01, 3.064750e-23
48.697395, 7.587212e+00, 2.559465e+02, 1.810005e+06, 6.000000e+02, 2.852239e-02, 1.634118e-21, 4.539355e-22, 2.263540e-01, 3.259908e-23
48.897796, 7.100094e+00, 2.881641e+02, 1.693798e+06, 6.000000e+02, 2.852239e-02, 1.745164e-21, 4.847514e-22, 2.263540e-01, 3.481261e-23
49.098196, 6.613474e+00, 3.225743e+02, 1.577710e+06, 6.000000e+02, 2.852239e-02, 1.872376e-21, 5.200447e-22, 2.263540e-01, 3.734804e-23
49.298597, 6.122997e+00, 3.598624e+02, 1.460702e+06, 6.000000e+02, 2.852239e-02, 2.021022e-21, 5.612688e-22, 2.263540e-01, 4.031008e-23
49.498998, 5.616303e+00, 4.016085e+02, 1.339825e+06, 6.000000e+02, 2.852239e-02, 2.201867e-21, 6.113886e-22, 2.263540e-01, 4.391247e-23
49.699399, 5.058287e+00, 4.521503e+02, 1.206705e+06, 6.000000e+02, 2.852239e-02, 2.443109e-21, 6.781467e-22, 2.263540e-01, 4.871416e-23
49.899800, 4.309823e+00, 5.295296e+02, 1.028151e+06, 6.000000e+02, 2.852239e-02, 2.865494e-21, 7.945121e-22, 2.263540e-01, 5.710156e-23
50.100200, 2.512629e+00, 9.427011e+02, 3.039750e+03, 3.000000e+02, 2.852239e-02, 2.837319e-21, 7.867067e-22, 2.263540e-01, 5.653992e-23
50.300601, 2.524107e+00, 9.412680e+02, 3.039750e+03, 3.000000e+02, 2.852239e-02, 2.828040e-21, 7.841073e-22, 2.263540e-01, 5.635355e-23
50.501002, 2.537313e+00, 9.396974e+02, 3.039750e+03, 3.000000e+02, 2.852239e-02, 2.817899e-21, 7.812672e-22, 2.263540e-01, 5.614997e-23
50.701403, 2.552660e+00, 9.379659e+02, 3.039750e+03, 3.000000e+02, 2.852239e-02, 2.806751e-21, 7.781456e-22, 2.263540e-01, 5.592624e-23
50.901804, 2.570730e+00, 9.360423e+02, 3.039750e+03, 3.000000e+02, 2.852239e-02, 2.794430e-21, 7.746965e-22, 2.263540e-01, 5.567908e-23
51.102204, 2.592391e+00, 9.338843e+02, 3.039750e+03, 3.000000e+02, 2.852239e-02, 2.780731e-21, 7.708628e-22, 2.263540e-01, 5.540437e-23
51.302605, 2.619033e+00, 9.314294e+02, 3.039750e+03, 3.000000e+02, 2.852238e-02, 2.765345e-21, 7.665594e-22, 2.263540e-01, 5.509599e-23
51.503006, 2.652999e+00, 9.285798e+02, 3.039750e+03, 3.000000e+02, 2.852238e-02, 2.747772e-21, 7.616472e-22, 2.263540e-01, 5.474396e-23
51.703407, 2.698313e+00, 9.251726e+02, 3.039750e+03, 3.000000e+02, 2.852234e-02, 2.727172e-21, 7.558934e-22, 2.263540e-01, 5.433153e-23
51.903808, 2.761656e+00, 9.209369e+02, 3.039750e+03, 3.000000e+02, 2.852222e-02, 2.702166e-21, 7.489154e-22, 2.263540e-01, 5.383122e-23
52.104208, 2.853258e+00, 9.154463e+02, 3.039750e+03, 3.000000e+02, 2.852187e-02, 2.670643e-21, 7.401285e-22, 2.263541e-01, 5.320100e-23
52.304609, 2.986808e+00, 9.081093e+02, 3.039750e+03, 3.000000e+02, 2.852094e-02, 2.629786e-21, 7.287516e-22, 2.263543e-01, 5.238472e-23
52.505010, 3.176952e+00, 8.982671e+02, 3.039750e+03, 3.000000e+02, 2.851872e-02, 2.576637e-21, 7.139665e-22, 2.263549e-01, 5.132355e-23
52.705411, 3.433147e+00, 8.854372e+02, 3.039750e+03, 3.000000e+02, 2.851398e-02, 2.509346e-21, 6.952623e-22, 2.263559e-01, 4.998069e-23
52.905812, 3.750323e+00, 8.696010e+02, 3.039750e+03, 3.000000e+02, 2.850493e-02, 2.428502e-21, 6.728053e-22, 2.263580e-01, 4.836801e-23
53.106212, 4.099994e+00, 8.513049e+02, 3.039750e+03, 3.000000e+02, 2.848916e-02, 2.337439e-21, 6.475221e-22, 2.263616e-01, 4.655204e-23
53.306613, 4.427945e+00, 8.314601e+02, 3.039750e+03, 3.000000e+02, 2.846363e-02, 2.241075e-21, 6.207774e-22, 2.263675e-01, 4.463081e-23
53.507014, 4.663233e+00, 8.109893e+02, 3.039750e+03, 3.000000e+02, 2.842428e-02, 2.144164e-21, 5.938884e-22, 2.263766e-01, 4.269900e-23
53.707415, 4.737421e+00, 7.905583e+02, 3.039750e+03, 3.000000e+02, 2.836529e-02, 2.050096e-21, 5.677943e-22, 2.263901e-01, 4.082413e-23
53.907816, 4.606401e+00, 7.704749e+02, 3.039750e+03, 3.000000e+02, 2.827788e-02, 1.960593e-21, 5.429711e-22, 2.264102e-01, 3.904045e-23
54.108216, 4.264935e+00, 7.506953e+02, 3.039750e+03, 3.000000e+02, 2.814848e-02, 1.875935e-21, 5.194955e-22, 2.264399e-01, 3.735351e-23
54.308617, 3.747783e+00, 7.308470e+02, 3.039750e+03, 3.000000e+02, 2.795589e-02, 1.795287e-21, 4.971350e-22, 2.264842e-01, 3.574659e-23
54.509018, 3.118126e+00, 7.102028e+02, 3.039750e+03, 3.000000e+02, 2.766668e-02, 1.716853e-21, 4.753915e-22, 2.265507e-01, 3.418391e-23
54.709419, 2.449459e+00, 6.875592e+02, 3.039750e+03, 3.000000e+02, 2.722754e-02, 1.637739e-21, 4.534638e-22, 2.266516e-01, 3.260787e-23
54.909820, 1.808549e+00, 6.609521e+02, 3.039750e+03, 3.000000e+02, 2.655172e-02, 1.553378e-21, 4.300872e-22, 2.268069e-01, 3.092752e-23
55.110220, 1.244711e+00, 6.270612e+02, 3.039750e+03, 3.000000e+02, 2.549322e-02, 1.456176e-21, 4.031594e-22, 2.270502e-01, 2.899166e-23
55.310621, 7.866965e-01, 5.799702e+02, 3.039750e+03, 3.000000e+02, 2.379440e-02, 1.332617e-21, 3.689387e-22, 2.274406e-01, 2.653122e-23
55.511022, 4.453076e-01, 5.085688e+02, 3.039750e+03, 3.000000e+02, 2.097624e-02, 1.157161e-21, 3.203552e-22, 2.280883e-01, 2.303774e-23
55.711423, 2.165337e-01, 3.970073e+02, 3.039750e+03, 3.000000e+02, 1.614225e-02, 8.812971e-22, 2.439792e-22, 2.291993e-01, 1.754545e-23
55.911824, 9.054350e-02, 2.354330e+02, 3.039750e+03, 3.000000e+02, 8.273918e-03, 4.489309e-22, 1.242812e-22, 2.310076e-01, 8.937567e-24
56.112224, 4.466482e-02, 6.752235e+01, 3.039750e+03, 3.000000e+02, 1.220023e-03, 6.598796e-23, 1.826788e-23, 2.326288e-01, 1.313721e-24
56.312625, 3.603359e-02, 7.354984e+00, 3.039750e+03, 3.000000e+02, 1.524855e-05, 8.234393e-25, 2.279575e-25, 2.329057e-01, 1.639342e-26
56.513026, 3.522388e-02, 5.651128e-01, 3.039750e+03, 3.000000e+02, 1.089716e-08, 5.879006e-28, 1.627517e-28, 2.329092e-01, 1.170419e-29
56.713427, 3.516388e-02, 4.174497e-02, 3.039750e+03, 3.000000e+02, 4.752134e-13, 2.562138e-32, 7.092896e-33, 2.329092e-01, 5.100818e-34
56.913828, 3.515946e-02, 3.073278e-03, 3.039750e+03, 3.000000e+02, 1.338507e-18, 7.213339e-38, 1.996903e-38, 2.329092e-01, 1.436063e-39
57.114228, 3.515914e-02, 2.261241e-04, 3.039750e+03, 3.000000e+02, 2.521286e-25, 1.358282e-44, 3.760195e-45, 2.329092e-01, 2.704126e-46
57.314629, 3.515911e-02, 1.663223e-05, 3.039750e+03, 3.000000e+02, 3.250095e-33, 1.750453e-52, 4.845858e-53, 2.329092e-01, 3.484876e-54
57.515030, 3.515911e-02, 1.223043e-06, 3.039750e+03, 3.000000e+02, 2.913720e-42, 1.568967e-61, 4.343440e-62, 2.329092e-01, 3.123565e-63
57.715431, 3.515911e-02, 8.991677e-08, 3.039750e+03, 3.000000e+02, 1.838161e-52, 9.896455e-72, 2.739679e-72, 2.329092e-01, 1.970228e-73
57.915832, 3.515911e-02, 6.609406e-09, 3.039750e+03, 3.000000e+02, 8.232537e-64, 4.431737e-83, 1.226856e-83, 2.329092e-01, 8.822887e-85
58.116232, 3.515911e-02, 4.857553e-10, 3.039750e+03, 3.000000e+02, 2.635310e-76, 1.418494e-95, 3.926893e-96, 2.329092e-01, 2.823983e-97
58.316633, 3.515911e-02, 3.569627e-11, 3.039750e+03, 3.000000e+02, 6.061070e-90, 3.262635e-109, 9.031025e-110, 2.329092e-01, 6.494173e-111
58.517034, 3.515911e-02, 2.624138e-12, 3.039750e+03, 3.000000e+02, 1.007351e-104, 5.415950e-124, 1.498998e-124, 2.329092e-01, 1.075005e-125
58.717435, 3.515911e-02, 1.919848e-13, 3.039750e+03, 3.000000e+02, 1.206541e-120, 6.443123e-140, 1.774346e-140, 2.329092e-01, 1.311528e-141
58.917836, 3.515911e-02, 1.338241e-14, 3.039750e+03, 3.000000e+02, 1.436164e-137, 5.455597e-157, 1.599167e-157, 2.329092e-01, 1.324518e-158
59.118236, 3.515911e-02, 0.000000e+00, 3.039750e+03, 3.000000e+02, 1.548707e-155, 6.014081e-175, 1.741630e-175, 2.329092e-01, 1.450185e-176
59.318637, 3.515911e-02, 0.000000e+00, 3.039750e+03, 3.000000e+02, 0.000000e+00, 0.000000e+00, 0.000000e+00, 2.329092e-01, 0.000000e+00
59.519038, 3.515911e-02, 0.000000e+00, 3.039750e+03, 3.000000e+02, 0.000000e+00, 0.000000e+00, 0.000000e+00, 2.329092e-01, 0.000000e+00
59.719439, 3.515911e-02, 0.000000e+00, 3.039750e+03, 3.000000e+02, 0.000000e+00, 0.000000e+00, 0.000000e+00, 2.329092e-01, 0.000000e+00
59.919840, 3.515911e-02, 0.000000e+00, 3.039750e+03, 3.000000e+02, 0.000000e+00, 0.000000e+00, 0.000000e+00, 2.329092e-01, 0.000000e+00
60.120240, 3.515911e-02, 0.000000e+00, 3.039750e+03, 3.000000e+02, 0.000000e+00, 0.000000e+00, 0.000000e+00, 2.329092e-01, 0.000000e+00
60.320641, 3.515911e-02, 0.000000e+00, 3.039750e+03, 3.000000e+02, 0.000000e+00, 0.000000e+00, 0.000000e+00, 2.329092e-01, 0.000000e+00
60.521042, 3.515911e-02, 0.000000e+00, 3.039750e+03, 3.000000e+02, 0.000000e+00, 0.000000e+00, 0.000000e+00, 2.329092e-01, 0.000000e+00
60.721443, 3.515911e-02, 0.000000e+00, 3.039750e+03, 3.000000e+02, 0.000000e+00, 0.000000e+00, 0.000000e+00, 2.329092e-01, 0.000000e+00
60.921844, 3.515911e-02, 0.000000e+00, 3.039750e+03, 3.000000e+02, 0.000000e+00, 0.000000e+00, 0.000000e+00, 2.329092e-01, 0.000000e+00
61.122244, 3.515911e-02, 0.000000e+00, 3.039750e+03, 3.000000e+02, 0.000000e+00, 0.000000e+00, 0.000000e+00, 2.329092e-01, 0.000000e+00
61.322645, 3.515911e-02, 0.000000e+00, 3.039750e+03, 3.000000e+02, 0.000000e+00, 0.000000e+00, 0.000000e+00, 2.329092e-01, 0.000000e+00
61.523046, 3.515911e-02, 0.000000e+00, 3.039750e+03, 3.000000e+02, 0.000000e+00, 0.000000e+00, 0.000000e+00, 2.329092e-01, 0.000000e+00
61.723447, 3.515911e-02, 0.000000e+00, 3.039750e+03, 3.000000e+02, 0.000000e+00, 0.000000e+00, 0.000000e+00, 2.329092e-01, 0.000000e+00
61.923848, 3.515911e-02, 0.000000e+00, 3.039750e+03, 3.000000e+02, 0.000000e+00, 0.000000e+00, 0.000000e+00, 2.329092e-01, 0.000000e+00
62.124248, 3.515911e-02, 0.000000e+00, 3.039750e+03, 3.000000e+02, 0.000000e+00, 0.000000e+00, 0.000000e+00, 2.329092e-01, 0.000000e+00
62.324649, 3.515911e-02, 0.000000e+00, 3.039750e+03, 3.000000e+02, 0.000000e+00, 0.000000e+00, 0.000000e+00, 2.329092e-01, 0.000000e+00
62.525050, 3.515911e-02, 0.000000e+00, 3.039750e+03, 3.000000e+02, 0.000000e+00, 0.000000e+00, 0.000000e+00, 2.329092e-01, 0.000000e+00
62.725451, 3.515911e-02, 0.000000e+00, 3.039750e+03, 3.000000e+02, 0.000000e+00, 0.000000e+00, 0.000000e+00, 2.329092e-01, 0.000000e+00
62.925852, 3.515911e-02, 0.000000e+00, 3.039750e+03, 3.000000e+02, 0.000000e+00, 0.000000e+00, 0.000000e+00, 2.329092e-01, 0.000000e+00
63.126253, 3.515911e-02, 0.000000e+00, 3.039750e+03, 3.000000e+02, 0.000000e+00, 0.000000e+00, 0.000000e+00, 2.329092e-01, 0.000000e+00
63.326653, 3.515911e-02, 0.000000e+00, 3.039750e+03, 3.000000e+02, 0.000000e+00, 0.000000e+00, 0.000000e+00, 2.329092e-01, 0.000000e+00
63.527054, 3.515911e-02, 0.000000e+00, 3.039750e+03, 3.000000e+02, 0.000000e+00, 0.000000e+00, 0.000000e+00, 2.329092e-01, 0.000000e+00
63.727455, 3.515911e-02, 0.000000e+00, 3.039750e+03, 3.000000e+02, 0.000000e+00, 0.000000e+00, 0.000000e+00, 2.329092e-01, 0.000000e+00
63.927856, 3.515911e-02, 0.000000e+00, 3.039750e+03, 3.000000e+02, 0.000000e+00, 0.000000e+00, 0.000000e+00, 2.329092e-01, 0.000000e+00
64.128257, 3.515911e-02, 0.000000e+00, 3.039750e+03, 3.000000e+02, 0.000000e+00, 0.000000e+00, 0.000000e+00, 2.329092e-01, 0.000000e+00
64.328657, 3.515911e-02, 0.000000e+00, 3.039750e+03, 3.000000e+02, 0.000000e+00, 0.000000e+00, 0.000000e+00, 2.329092e-01, 0.000000e+00
64.529058, 3.515911e-02, 0.000000e+00, 3.039750e+03, 3.000000e+02, 0.000000e+00, 0.000000e+00, 0.000000e+00, 2.329092e-01, 0.000000e+00
64.729459, 3.515911e-02, 0.000000e+00, 3.039750e+03, 3.000000e+02, 0.000000e+00, 0.000000e+00, 0.000000e+00, 2.329092e-01, 0.000000e+00
64.929860, 3.515911e-02, 0.000000e+00, 3.039750e+03, 3.000000e+02, 0.000000e+00, 0.000000e+00, 0.000000e+00, 2.329092e-01, 0.000000e+00
65.130261, 3.515911e-02, 0.000000e+00, 3.039750e+03, 3.000000e+02, 0.000000e+00, 0.000000e+00, 0.000000e+00, 2.329092e-01, 0.000000e+00
65.330661, 3.515911e-02, 0.000000e+00, 3.039750e+03, 3.000000e+02, 0.000000e+00, 0.000000e+00, 0.000000e+00, 2.329092e-01, 0.000000e+00
65.531062, 3.515911e-02, 0.000000e+00, 3.039750e+03, 3.000000e+02, 0.000000e+00, 0.000000e+00, 0.000000e+00, 2.329092e-01, 0.000000e+00
65.731463, 3.515911e-02, 0.000000e+00, 3.039750e+03, 3.000000e+02, 0.000000e+00, 0.000000e+00, 0.000000e+00, 2.329092e-01, 0.000000e+00
65.931864, 3.515911e-02, 0.000000e+00, 3.039750e+03, 3.000000e+02, 0.000000e+00, 0.000000e+00, 0.000000e+00, 2.329092e-01, 0.000000e+00
66.132265, 3.515911e-02, 0.000000e+00, 3.039750e+03, 3.000000e+02, 0.000000e+00, 0.000000e+00, 0.000000e+00, 2.329092e-01, 0.000000e+00
66.332665, 3.515911e-02, 0.000000e+00, 3.039750e+03, 3.000000e+02, 0.000000e+00, 0.000000e+00, 0.000000e+00, 2.329092e-01, 0.000000e+00
66.533066, 3.515911e-02, 0.000000e+00, 3.039750e+03, 3.000000e+02, 0.000000e+00, 0.000000e+00, 0.000000e+00, 2.329092e-01, 0.000000e+00
66.733467, 3.515911e-02, 0.000000e+00, 3.039750e+03, 3.000000e+02, 0.000000e+00, 0.000000e+00, 0.000000e+00, 2.329092e-01, 0.000000e+00
66.933868, 3.515911e-02, 0.000000e+00, 3.039750e+03, 3.000000e+02, 0.000000e+00, 0.000000e+00, 0.000000e+00, 2.329092e-01, 0.000000e+00
67.134269, 3.515911e-02, 0.000000e+00, 3.039750e+03, 3.000000e+02, 0.000000e+00, 0.000000e+00, 0.000000e+00, 2.329092e-01, 0.000000e+00
67.334669, 3.515911e-02, 0.000000e+00, 3.039750e+03, 3.000000e+02, 0.000000e+00, 0.000000e+00, 0.000000e+00, 2.329092e-01, 0.000000e+00
67.535070, 3.515911e-02, 0.000000e+00, 3.039750e+03, 3.000000e+02, 0.000000e+00, 0.000000e+00, 0.000000e+00, 2.329092e-01, 0.000000e+00
67.735471, 3.515911e-02, 0.000000e+00, 3.039750e+03, 3.000000e+02, 0.000000e+00, 0.000000e+00, 0.000000e+00, 2.329092e-01, 0.000000e+00
67.935872, 3.515911e-02, 0.000000e+00, 3.039750e+03, 3.000000e+02, 0.000000e+00, 0.000000e+00, 0.000000e+00, 2.329092e-01, 0.000000e+00
68.136273, 3.515911e-02, 0.000000e+00, 3.039750e+03, 3.000000e+02, 0.000000e+00, 0.000000e+00, 0.000000e+00, 2.329092e-01, 0.000000e+00
68.336673, 3.515911e-02, 0.000000e+00, 3.039750e+03, 3.000000e+02, 0.000000e+00, 0.000000e+00, 0.000000e+00, 2.329092e-01, 0.000000e+00
68.537074, 3.515911e-02, 0.000000e+00, 3.039750e+03, 3.000000e+02, 0.000000e+00, 0.000000e+00, 0.000000e+00, 2.329092e-01, 0.000000e+00
68.737475, 3.515911e-02, 0.000000e+00, 3.039750e+03, 3.000000e+02, 0.000000e+00, 0.000000e+00, 0.000000e+00, 2.329092e-01, 0.000000e+00
68.937876, 3.515911e-02, 0.000000e+00, 3.039750e+03, 3.000000e+02, 0.000000e+00, 0.000000e+00, 0.000000e+00, 2.329092e-01, 0.000000e+00
69.138277, 3.515911e-02, 0.000000e+00, 3.039750e+03, 3.000000e+02, 0.000000e+00, 0.000000e+00, 0.000000e+00, 2.329092e-01, 0.000000e+00
69.338677, 3.515911e-02, 0.000000e+00, 3.039750e+03, 3.000000e+02, 0.000000e+00, 0.000000e+00, 0.000000e+00, 2.329092e-01, 0.000000e+00
69.539078, 3.515911e-02, 0.000000e+00, 3.039750e+03, 3.000000e+02, 0.000000e+00, 0.000000e+00, 0.000000e+00, 2.329092e-01, 0.000000e+00
69.739479, 3.515911e-02, 0.000000e+00, 3.039750e+03, 3.000000e+02, 0.000000e+00, 0.000000e+00, 0.000000e+00, 2.329092e-01, 0.000000e+00
69.939880, 3.515911e-02, 0.000000e+00, 3.039750e+03, 3.000000e+02, 0.000000e+00, 0.000000e+00, 0.000000e+00, 2.329092e-01, 0.000000e+00
70.140281, 3.515911e-02, 0.000000e+00, 3.039750e+03, 3.000000e+02, 0.000000e+00, 0.000000e+00, 0.000000e+00, 2.329092e-01, 0.000000e+00
70.340681, 3.515911e-02, 0.000000e+00, 3.039750e+03, 3.000000e+02, 0.000000e+00, 0.000000e+00, 0.000000e+00, 2.329092e-01, 0.000000e+00
70.541082, 3.515911e-02, 0.000000e+00, 3.039750e+03, 3.000000e+02, 0.000000e+00, 0.000000e+00, 0.000000e+00, 2.329092e-01, 0.000000e+00
70.741483, 3.515911e-02, 0.000000e+00, 3.039750e+03, 3.000000e+02, 0.000000e+00, 0.000000e+00, 0.000000e+00, 2.329092e-01, 0.000000e+00
70.941884, 3.515911e-02, 0.000000e+00, 3.039750e+03, 3.000000e+02, 0.000000e+00, 0.000000e+00, 0.000000e+00, 2.329092e-01, 0.000000e+00
71.142285, 3.515911e-02, 0.000000e+00, 3.039750e+03, 3.000000e+02, 0.000000e+00, 0.000000e+00, 0.000000e+00, 2.329092e-01, 0.000000e+00
71.342685, 3.515911e-02, 0.000000e+00, 3.039750e+03, 3.000000e+02, 0.000000e+00, 0.000000e+00, 0.000000e+00, 2.329092e-01, 0.000000e+00
71.543086, 3.515911e-02, 0.000000e+00, 3.039750e+03, 3.000000e+02, 0.000000e+00, 0.000000e+00, 0.000000e+00, 2.329092e-01, 0.000000e+00
71.743487, 3.515911e-02, 0.000000e+00, 3.039750e+03, 3.000000e+02, 0.000000e+00, 0.000000e+00, 0.000000e+00, 2.329092e-01, 0.000000e+00
71.943888, 3.515911e-02, 0.000000e+00, 3.039750e+03, 3.000000e+02, 0.000000e+00, 0.000000e+00, 0.000000e+00, 2.329092e-01, 0.000000e+00
72.144289, 3.515911e-02, 0.000000e+00, 3.039750e+03, 3.000000e+02, 0.000000e+00, 0.000000e+00, 0.000000e+00, 2.329092e-01, 0.000000e+00
72.344689, 3.515911e-02, 0.000000e+00, 3.039750e+03, 3.000000e+02, 0.000000e+00, 0.000000e+00, 0.000000e+00, 2.329092e-01, 0.000000e+00
72.545090, 3.515911e-02, 0.000000e+00, 3.039750e+03, 3.000000e+02, 0.000000e+00, 0.000000e+00, 0.000000e+00, 2.329092e-01, 0.000000e+00
72.745491, 3.515911e-02, 0.000000e+00, 3.039750e+03, 3.000000e+02, 0.000000e+00, 0.000000e+00, 0.000000e+00, 2.329092e-01, 0.000000e+00
72.945892, 3.515911e-02, 0.000000e+00, 3.039750e+03, 3.000000e+02, 0.000000e+00, 0.000000e+00, 0.000000e+00, 2.329092e-01, 0.000000e+00
73.146293, 3.515911e-02, 0.000000e+00, 3.039750e+03, 3.000000e+02, 0.000000e+00, 0.000000e+00, 0.000000e+00, 2.329092e-01, 0.000000e+00
73.346693, 3.515911e-02, 0.000000e+00, 3.039750e+03, 3.000000e+02, 0.000000e+00, 0.000000e+00, 0.000000e+00, 2.329092e-01, 0.000000e+00
73.547094, 3.515911e-02, 0.000000e+00, 3.039750e+03, 3.000000e+02, 0.000000e+00, 0.000000e+00, 0.000000e+00, 2.329092e-01, 0.000000e+00
73.747495, 3.515911e-02, 0.000000e+00, 3.039750e+03, 3.000000e+02, 0.000000e+00, 0.000000e+00, 0.000000e+00, 2.329092e-01, 0.000000e+00
73.947896, 3.515911e-02, 0.000000e+00, 3.039750e+03, 3.000000e+02, 0.000000e+00, 0.000000e+00, 0.000000e+00, 2.329092e-01, 0.000000e+00
74.148297, 3.515911e-02, 0.000000e+00, 3.039750e+03, 3.000000e+02, 0.000000e+00, 0.000000e+00, 0.000000e+00, 2.329092e-01, 0.000000e+00
74.348697, 3.515911e-02, 0.000000e+00, 3.039750e+03, 3.000000e+02, 0.000000e+00, 0.000000e+00, 0.000000e+00, 2.329092e-01, 0.000000e+00
74.549098, 3.515911e-02, 0.000000e+00, 3.039750e+03, 3.000000e+02, 0.000000e+00, 0.000000e+00, 0.000000e+00, 2.329092e-01, 0.000000e+00
74.749499, 3.515911e-02, 0.000000e+00, 3.039750e+03, 3.000000e+02, 0.000000e+00, 0.000000e+00, 0.000000e+00, 2.329092e-01, 0.000000e+00
74.949900, 3.515911e-02, 0.000000e+00, 3.039750e+03, 3.000000e+02, 0.000000e+00, 0.000000e+00, 0.000000e+00, 2.329092e-01, 0.000000e+00
75.150301, 3.515911e-02, 0.000000e+00, 3.039750e+03, 3.000000e+02, 0.000000e+00, 0.000000e+00, 0.000000e+00, 2.329092e-01, 0.000000e+00
75.350701, 3.515911e-02, 0.000000e+00, 3.039750e+03, 3.000000e+02, 0.000000e+00, 0.000000e+00, 0.000000e+00, 2.329092e-01, 0.000000e+00
75.551102, 3.515911e-02, 0.000000e+00, 3.039750e+03, 3.000000e+02, 0.000000e+00, 0.000000e+00, 0.000000e+00, 2.329092e-01, 0.000000e+00
75.751503, 3.515911e-02, 0.000000e+00, 3.039750e+03, 3.000000e+02, 0.000000e+00, 0.000000e+00, 0.000000e+00, 2.329092e-01, 0.000000e+00
75.951904, 3.515911e-02, 0.000000e+00, 3.039750e+03, 3.000000e+02, 0.000000e+00, 0.000000e+00, 0.000000e+00, 2.329092e-01, 0.000000e+00
76.152305, 3.515911e-02, 0.000000e+00, 3.039750e+03, 3.000000e+02, 0.000000e+00, 0.000000e+00, 0.000000e+00, 2.329092e-01, 0.000000e+00
76.352705, 3.515911e-02, 0.000000e+00, 3.039750e+03, 3.000000e+02, 0.000000e+00, 0.000000e+00, 0.000000e+00, 2.329092e-01, 0.000000e+00
76.553106, 3.515911e-02, 0.000000e+00, 3.039750e+03, 3.000000e+02, 0.000000e+00, 0.000000e+00, 0.000000e+00, 2.329092e-01, 0.000000e+00
76.753507, 3.515911e-02, 0.000000e+00, 3.039750e+03, 3.000000e+02, 0.000000e+00, 0.000000e+00, 0.000000e+00, 2.329092e-01, 0.000000e+00
76.953908, 3.515911e-02, 0.000000e+00, 3.039750e+03, 3.000000e+02, 0.000000e+00, 0.000000e+00, 0.000000e+00, 2.329092e-01, 0.000000e+00
77.154309, 3.515911e-02, 0.000000e+00, 3.039750e+03, 3.000000e+02, 0.000000e+00, 0.000000e+00, 0.000000e+00, 2.329092e-01, 0.000000e+00
77.354709, 3.515911e-02, 0.000000e+00, 3.039750e+03, 3.000000e+02, 0.000000e+00, 0.000000e+00, 0.000000e+00, 2.329092e-01, 0.000000e+00
77.555110, 3.515911e-02, 0.000000e+00, 3.039750e+03, 3.000000e+02, 0.000000e+00, 0.000000e+00, 0.000000e+00, 2.329092e-01, 0.000000e+00
77.755511, 3.515911e-02, 0.000000e+00, 3.039750e+03, 3.000000e+02, 0.000000e+00, 0.000000e+00, 0.000000e+00, 2.329092e-01, 0.000000e+00
77.955912, 3.515911e-02, 0.000000e+00, 3.039750e+03, 3.000000e+02, 0.000000e+00, 0.000000e+00, 0.000000e+00, 2.329092e-01, 0.000000e+00
78.156313, 3.515911e-02, 0.000000e+00, 3.039750e+03, 3.000000e+02, 0.000000e+00, 0.000000e+00, 0.000000e+00, 2.329092e-01, 0.000000e+00
78.356713, 3.515911e-02, 0.000000e+00, 3.039750e+03, 3.000000e+02, 0.000000e+00, 0.000000e+00, 0.000000e+00, 2.329092e-01, 0.000000e+00
78.557114, 3.515911e-02, 0.000000e+00, 3.039750e+03, 3.000000e+02, 0.000000e+00, 0.000000e+00, 0.000000e+00, 2.329092e-01, 0.000000e+00
78.757515, 3.515911e-02, 0.000000e+00, 3.039750e+03, 3.000000e+02, 0.000000e+00, 0.000000e+00, 0.000000e+00, 2.329092e-01, 0.000000e+00
78.957916, 3.515911e-02, 0.000000e+00, 3.039750e+03, 3.000000e+02, 0.000000e+00, 0.000000e+00, 0.000000e+00, 2.329092e-01, 0.000000e+00
79.158317, 3.515911e-02, 0.000000e+00, 3.039750e+03, 3.000000e+02, 0.000000e+00, 0.000000e+00, 0.000000e+00, 2.329092e-01, 0.000000e+00
79.358717, 3.515911e-02, 0.000000e+00, 3.039750e+03, 3.000000e+02, 0.000000e+00, 0.000000e+00, 0.000000e+00, 2.329092e-01, 0.000000e+00
79.559118, 3.515911e-02, 0.000000e+00, 3.039750e+03, 3.000000e+02, 0.000000e+00, 0.000000e+00, 0.000000e+00, 2.329092e-01, 0.000000e+00
79.759519, 3.515911e-02, 0.000000e+00, 3.039750e+03, 3.000000e+02, 0.000000e+00, 0.000000e+00, 0.000000e+00, 2.329092e-01, 0.000000e+00
79.959920, 3.515911e-02, 0.000000e+00, 3.039750e+03, 3.000000e+02, 0.000000e+00, 0.000000e+00, 0.000000e+00, 2.329092e-01, 0.000000e+00
80.160321, 3.515911e-02, 0.000000e+00, 3.039750e+03, 3.000000e+02, 0.000000e+00, 0.000000e+00, 0.000000e+00, 2.329092e-01, 0.000000e+00
80.360721, 3.515911e-02, 0.000000e+00, 3.039750e+03, 3.000000e+02, 0.000000e+00, 0.000000e+00, 0.000000e+00, 2.329092e-01, 0.000000e+00
80.561122, 3.515911e-02, 0.000000e+00, 3.039750e+03, 3.000000e+02, 0.000000e+00, 0.000000e+00, 0.000000e+00, 2.329092e-01, 0.000000e+00
80.761523, 3.515911e-02, 0.000000e+00, 3.039750e+03, 3.000000e+02, 0.000000e+00, 0.000000e+00, 0.000000e+00, 2.329092e-01, 0.000000e+00
80.961924, 3.515911e-02, 0.000000e+00, 3.039750e+03, 3.000000e+02, 0.000000e+00, 0.000000e+00, 0.000000e+00, 2.329092e-01, 0.000000e+00
81.162325, 3.515911e-02, 0.000000e+00, 3.039750e+03, 3.000000e+02, 0.000000e+00, 0.000000e+00, 0.000000e+00, 2.329092e-01, 0.000000e+00
81.362725, 3.515911e-02, 0.000000e+00, 3.039750e+03, 3.000000e+02, 0.000000e+00, 0.000000e+00, 0.000000e+00, 2.329092e-01, 0.000000e+00
81.563126, 3.515911e-02, 0.000000e+00, 3.039750e+03, 3.000000e+02, 0.000000e+00, 0.000000e+00, 0.000000e+00, 2.329092e-01, 0.000000e+00
81.763527, 3.515911e-02, 0.000000e+00, 3.039750e+03, 3.000000e+02, 0.000000e+00, 0.000000e+00, 0.000000e+00, 2.329092e-01, 0.000000e+00
81.963928, 3.515911e-02, 0.000000e+00, 3.039750e+03, 3.000000e+02, 0.000000e+00, 0.000000e+00, 0.000000e+00, 2.329092e-01, 0.000000e+00
82.164329, 3.515911e-02, 0.000000e+00, 3.039750e+03, 3.000000e+02, 0.000000e+00, 0.000000e+00, 0.000000e+00, 2.329092e-01, 0.000000e+00
82.364729, 3.515911e-02, 0.000000e+00, 3.039750e+03, 3.000000e+02, 0.000000e+00, 0.000000e+00, 0.000000e+00, 2.329092e-01, 0.000000e+00
82.565130, 3.515911e-02, 0.000000e+00, 3.039750e+03, 3.000000e+02, 0.000000e+00, 0.000000e+00, 0.000000e+00, 2.329092e-01, 0.000000e+00
82.765531, 3.515911e-02, 0.000000e+00, 3.039750e+03, 3.000000e+02, 0.000000e+00, 0.000000e+00, 0.000000e+00, 2.329092e-01, 0.000000e+00
82.965932, 3.515911e-02, 0.000000e+00, 3.039750e+03, 3.000000e+02, 0.000000e+00, 0.000000e+00, 0.000000e+00, 2.329092e-01, 0.000000e+00
83.166333, 3.515911e-02, 0.000000e+00, 3.039750e+03, 3.000000e+02, 0.000000e+00, 0.000000e+00, 0.000000e+00, 2.329092e-01, 0.000000e+00
83.366733, 3.515911e-02, 0.000000e+00, 3.039750e+03, 3.000000e+02, 0.000000e+00, 0.000000e+00, 0.000000e+00, 2.329092e-01, 0.000000e+00
83.567134, 3.515911e-02, 0.000000e+00, 3.039750e+03, 3.000000e+02, 0.000000e+00, 0.000000e+00, 0.000000e+00, 2.329092e-01, 0.000000e+00
83.767535, 3.515911e-02, 0.000000e+00, 3.039750e+03, 3.000000e+02, 0.000000e+00, 0.000000e+00, 0.000000e+00, 2.329092e-01, 0.000000e+00
83.967936, 3.515911e-02, 0.000000e+00, 3.039750e+03, 3.000000e+02, 0.000000e+00, 0.000000e+00, 0.000000e+00, 2.329092e-01, 0.000000e+00
84.168337, 3.515911e-02, 0.000000e+00, 3.039750e+03, 3.000000e+02, 0.000000e+00, 0.000000e+00, 0.000000e+00, 2.329092e-01, 0.000000e+00
84.368737, 3.515911e-02, 0.000000e+00, 3.039750e+03, 3.000000e+02, 0.000000e+00, 0.000000e+00, 0.000000e+00, 2.329092e-01, 0.000000e+00
84.569138, 3.515911e-02, 0.000000e+00, 3.039750e+03, 3.000000e+02, 0.000000e+00, 0.000000e+00, 0.000000e+00, 2.329092e-01, 0.000000e+00
84.769539, 3.515911e-02, 0.000000e+00, 3.039750e+03, 3.000000e+02, 0.000000e+00, 0.000000e+00, 0.000000e+00, 2.329092e-01, 0.000000e+00
84.969940, 3.515911e-02, 0.000000e+00, 3.039750e+03, 3.000000e+02, 0.000000e+00, 0.000000e+00, 0.000000e+00, 2.329092e-01, 0.000000e+00
85.170341, 3.515911e-02, 0.000000e+00, 3.039750e+03, 3.000000e+02, 0.000000e+00, 0.000000e+00, 0.000000e+00, 2.329092e-01, 0.000000e+00
85.370741, 3.515911e-02, 0.000000e+00, 3.039750e+03, 3.000000e+02, 0.000000e+00, 0.000000e+00, 0.000000e+00, 2.329092e-01, 0.000000e+00
85.571142, 3.515911e-02, 0.000000e+00, 3.039750e+03, 3.000000e+02, 0.000000e+00, 0.000000e+00, 0.000000e+00, 2.329092e-01, 0.000000e+00
85.771543, 3.515911e-02, 0.000000e+00, 3.039750e+03, 3.000000e+02, 0.000000e+00, 0.000000e+00, 0.000000e+00, 2.329092e-01, 0.000000e+00
85.971944, 3.515911e-02, 0.000000e+00, 3.039750e+03, 3.000000e+02, 0.000000e+00, 0.000000e+00, 0.000000e+00, 2.329092e-01, 0.000000e+00
86.172345, 3.515911e-02, 0.000000e+00, 3.039750e+03, 3.000000e+02, 0.000000e+00, 0.000000e+00, 0.000000e+00, 2.329092e-01, 0.000000e+00
86.372745, 3.515911e-02, 0.000000e+00, 3.039750e+03, 3.000000e+02, 0.000000e+00, 0.000000e+00, 0.000000e+00, 2.329092e-01, 0.000000e+00
86.573146, 3.515911e-02, 0.000000e+00, 3.039750e+03, 3.000000e+02, 0.000000e+00, 0.000000e+00, 0.000000e+00, 2.329092e-01, 0.000000e+00
86.773547, 3.515911e-02, 0.000000e+00, 3.039750e+03, 3.000000e+02, 0.000000e+00, 0.000000e+00, 0.000000e+00, 2.329092e-01, 0.000000e+00
86.973948, 3.515911e-02, 0.000000e+00, 3.039750e+03, 3.000000e+02, 0.000000e+00, 0.000000e+00, 0.000000e+00, 2.329092e-01, 0.000000e+00
87.174349, 3.515911e-02, 0.000000e+00, 3.039750e+03, 3.000000e+02, 0.000000e+00, 0.000000e+00, 0.000000e+00, 2.329092e-01, 0.000000e+00
87.374749, 3.515911e-02, 0.000000e+00, 3.039750e+03, 3.000000e+02, 0.000000e+00, 0.000000e+00, 0.000000e+00, 2.329092e-01, 0.000000e+00
87.575150, 3.515911e-02, 0.000000e+00, 3.039750e+03, 3.000000e+02, 0.000000e+00, 0.000000e+00, 0.000000e+00, 2.329092e-01, 0.000000e+00
87.775551, 3.515911e-02, 0.000000e+00, 3.039750e+03, 3.000000e+02, 0.000000e+00, 0.000000e+00, 0.000000e+00, 2.329092e-01, 0.000000e+00
87.975952, 3.515911e-02, 0.000000e+00, 3.039750e+03, 3.000000e+02, 0.000000e+00, 0.000000e+00, 0.000000e+00, 2.329092e-01, 0.000000e+00
88.176353, 3.515911e-02, 0.000000e+00, 3.039750e+03, 3.000000e+02, 0.000000e+00, 0.000000e+00, 0.000000e+00, 2.329092e-01, 0.000000e+00
88.376754, 3.515911e-02, 0.000000e+00, 3.039750e+03, 3.000000e+02, 0.000000e+00, 0.000000e+00, 0.000000e+00, 2.329092e-01, 0.000000e+00
88.577154, 3.515911e-02, 0.000000e+00, 3.039750e+03, 3.000000e+02, 0.000000e+00, 0.000000e+00, 0.000000e+00, 2.329092e-01, 0.000000e+00
88.777555, 3.515911e-02, 0.000000e+00, 3.039750e+03, 3.000000e+02, 0.000000e+00, 0.000000e+00, 0.000000e+00, 2.329092e-01, 0.000000e+00
88.977956, 3.515911e-02, 0.000000e+00, 3.039750e+03, 3.000000e+02, 0.000000e+00, 0.000000e+00, 0.000000e+00, 2.329092e-01, 0.000000e+00
89.178357, 3.515911e-02, 0.000000e+00, 3.039750e+03, 3.000000e+02, 0.000000e+00, 0.000000e+00, 0.000000e+00, 2.329092e-01, 0.000000e+00
89.378758, 3.515911e-02, 0.000000e+00, 3.039750e+03, 3.000000e+02, 0.000000e+00, 0.000000e+00, 0.000000e+00, 2.329092e-01, 0.000000e+00
89.579158, 3.515911e-02, 0.000000e+00, 3.039750e+03, 3.000000e+02, 0.000000e+00, 0.000000e+00, 0.000000e+00, 2.329092e-01, 0.000000e+00
89.779559, 3.515911e-02, 0.000000e+00, 3.039750e+03, 3.000000e+02, 0.000000e+00, 0.000000e+00, 0.000000e+00, 2.329092e-01, 0.000000e+00
89.979960, 3.515911e-02, 0.000000e+00, 3.039750e+03, 3.000000e+02, 0.000000e+00, 0.000000e+00, 0.000000e+00, 2.329092e-01, 0.000000e+00
90.180361, 3.515911e-02, 0.000000e+00, 3.039750e+03, 3.000000e+02, 0.000000e+00, 0.000000e+00, 0.000000e+00, 2.329092e-01, 0.000000e+00
90.380762, 3.515911e-02, 0.000000e+00, 3.039750e+03, 3.000000e+02, 0.000000e+00, 0.000000e+00, 0.000000e+00, 2.329092e-01, 0.000000e+00
90.581162, 3.515911e-02, 0.000000e+00, 3.039750e+03, 3.000000e+02, 0.000000e+00, 0.000000e+00, 0.000000e+00, 2.329092e-01, 0.000000e+00
90.781563, 3.515911e-02, 0.000000e+00, 3.039750e+03, 3.000000e+02, 0.000000e+00, 0.000000e+00, 0.000000e+00, 2.329092e-01, 0.000000e+00
90.981964, 3.515911e-02, 0.000000e+00, 3.039750e+03, 3.000000e+02, 0.000000e+00, 0.000000e+00, 0.000000e+00, 2.329092e-01, 0.000000e+00
91.182365, 3.515911e-02, 0.000000e+00, 3.039750e+03, 3.000000e+02, 0.000000e+00, 0.000000e+00, 0.000000e+00, 2.329092e-01, 0.000000e+00
91.382766, 3.515911e-02, 0.000000e+00, 3.039750e+03, 3.000000e+02, 0.000000e+00, 0.000000e+00, 0.000000e+00, 2.329092e-01, 0.000000e+00
91.583166, 3.515911e-02, 0.000000e+00, 3.039750e+03, 3.000000e+02, 0.000000e+00, 0.000000e+00, 0.000000e+00, 2.329092e-01, 0.000000e+00
91.783567, 3.515911e-02, 0.000000e+00, 3.039750e+03, 3.000000e+02, 0.000000e+00, 0.000000e+00, 0.000000e+00, 2.329092e-01, 0.000000e+00
91.983968, 3.515911e-02, 0.000000e+00, 3.039750e+03, 3.000000e+02, 0.000000e+00, 0.000000e+00, 0.000000e+00, 2.329092e-01, 0.000000e+00
92.184369, 3.515911e-02, 0.000000e+00, 3.039750e+03, 3.000000e+02, 0.000000e+00, 0.000000e+00, 0.000000e+00, 2.329092e-01, 0.000000e+00
92.384770, 3.515911e-02, 0.000000e+00, 3.039750e+03, 3.000000e+02, 0.000000e+00, 0.000000e+00, 0.000000e+00, 2.329092e-01, 0.000000e+00
92.585170, 3.515911e-02, 0.000000e+00, 3.039750e+03, 3.000000e+02, 0.000000e+00, 0.000000e+00, 0.000000e+00, 2.329092e-01, 0.000000e+00
92.785571, 3.515911e-02, 0.000000e+00, 3.039750e+03, 3.000000e+02, 0.000000e+00, 0.000000e+00, 0.000000e+00, 2.329092e-01, 0.000000e+00
92.985972, 3.515911e-02, 0.000000e+00, 3.039750e+03, 3.000000e+02, 0.000000e+00, 0.000000e+00, 0.000000e+00, 2.329092e-01, 0.000000e+00
93.186373, 3.515911e-02, 0.000000e+00, 3.039750e+03, 3.000000e+02, 0.000000e+00, 0.000000e+00, 0.000000e+00, 2.329092e-01, 0.000000e+00
93.386774, 3.515911e-02, 0.000000e+00, 3.039750e+03, 3.000000e+02, 0.000000e+00, 0.000000e+00, 0.000000e+00, 2.329092e-01, 0.000000e+00
93.587174, 3.515911e-02, 0.000000e+00, 3.039750e+03, 3.000000e+02, 0.000000e+00, 0.000000e+00, 0.000000e+00, 2.329092e-01, 0.000000e+00
93.787575, 3.515911e-02, 0.000000e+00, 3.039750e+03, 3.000000e+02, 0.000000e+00, 0.000000e+00, 0.000000e+00, 2.329092e-01, 0.000000e+00
93.987976, 3.515911e-02, 0.000000e+00, 3.039750e+03, 3.000000e+02, 0.000000e+00, 0.000000e+00, 0.000000e+00, 2.329092e-01, 0.000000e+00
94.188377, 3.515911e-02, 0.000000e+00, 3.039750e+03, 3.000000e+02, 0.000000e+00, 0.000000e+00, 0.000000e+00, 2.329092e-01, 0.000000e+00
94.388778, 3.515911e-02, 0.000000e+00, 3.039750e+03, 3.000000e+02, 0.000000e+00, 0.000000e+00, 0.000000e+00, 2.329092e-01, 0.000000e+00
94.589178, 3.515911e-02, 0.000000e+00, 3.039750e+03, 3.000000e+02, 0.000000e+00, 0.000000e+00, 0.000000e+00, 2.329092e-01, 0.000000e+00
94.789579, 3.515911e-02, 0.000000e+00, 3.039750e+03, 3.000000e+02, 0.000000e+00, 0.000000e+00, 0.000000e+00, 2.329092e-01, 0.000000e+00
94.989980, 3.515911e-02, 0.000000e+00, 3.039750e+03, 3.000000e+02, 0.000000e+00, 0.000000e+00, 0.000000e+00, 2.329092e-01, 0.000000e+00
95.190381, 3.515911e-02, 0.000000e+00, 3.039750e+03, 3.000000e+02, 0.000000e+00, 0.000000e+00, 0.000000e+00, 2.329092e-01, 0.000000e+00
95.390782, 3.515911e-02, 0.000000e+00, 3.039750e+03, 3.000000e+02, 0.000000e+00, 0.000000e+00, 0.000000e+00, 2.329092e-01, 0.000000e+00
95.591182, 3.515911e-02, 0.000000e+00, 3.039750e+03, 3.000000e+02, 0.000000e+00, 0.000000e+00, 0.000000e+00, 2.329092e-01, 0.000000e+00
95.791583, 3.515911e-02, 0.000000e+00, 3.039750e+03, 3.000000e+02, 0.000000e+00, 0.000000e+00, 0.000000e+00, 2.329092e-01, 0.000000e+00
95.991984, 3.515911e-02, 0.000000e+00, 3.039750e+03, 3.000000e+02, 0.000000e+00, 0.000000e+00, 0.000000e+00, 2.329092e-01, 0.000000e+00
96.192385, 3.515911e-02, 0.000000e+00, 3.039750e+03, 3.000000e+02, 0.000000e+00, 0.000000e+00, 0.000000e+00, 2.329092e-01, 0.000000e+00
96.392786, 3.515911e-02, 0.000000e+00, 3.039750e+03, 3.000000e+02, 0.000000e+00, 0.000000e+00, 0.000000e+00, 2.329092e-01, 0.000000e+00
96.593186, 3.515911e-02, 0.000000e+00, 3.039750e+03, 3.000000e+02, 0.000000e+00, 0.000000e+00, 0.000000e+00, 2.329092e-01, 0.000000e+00
96.793587, 3.515911e-02, 0.000000e+00, 3.039750e+03, 3.000000e+02, 0.000000e+00, 0.000000e+00, 0.000000e+00, 2.329092e-01, 0.000000e+00
96.993988, 3.515911e-02, 0.000000e+00, 3.039750e+03, 3.000000e+02, 0.000000e+00, 0.000000e+00, 0.000000e+00, 2.329092e-01, 0.000000e+00
97.194389, 3.515911e-02, 0.000000e+00, 3.039750e+03, 3.000000e+02, 0.000000e+00, 0.000000e+00, 0.000000e+00, 2.329092e-01, 0.000000e+00
97.394790, 3.515911e-02, 0.000000e+00, 3.039750e+03, 3.000000e+02, 0.000000e+00, 0.000000e+00, 0.000000e+00, 2.329092e-01, 0.000000e+00
97.595190, 3.515911e-02, 0.000000e+00, 3.039750e+03, 3.000000e+02, 0.000000e+00, 0.000000e+00, 0.000000e+00, 2.329092e-01, 0.000000e+00
97.795591, 3.515911e-02, 0.000000e+00, 3.039750e+03, 3.000000e+02, 0.000000e+00, 0.000000e+00, 0.000000e+00, 2.329092e-01, 0.000000e+00
97.995992, 3.515911e-02, 0.000000e+00, 3.039750e+03, 3.000000e+02, 0.000000e+00, 0.000000e+00, 0.000000e+00, 2.329092e-01, 0.000000e+00
98.196393, 3.515911e-02, 0.000000e+00, 3.039750e+03, 3.000000e+02, 0.000000e+00, 0.000000e+00, 0.000000e+00, 2.329092e-01, 0.000000e+00
98.396794, 3.515911e-02, 0.000000e+00, 3.039750e+03, 3.000000e+02, 0.000000e+00, 0.000000e+00, 0.000000e+00, 2.329092e-01, 0.000000e+00
98.597194, 3.515911e-02, 0.000000e+00, 3.039750e+03, 3.000000e+02, 0.000000e+00, 0.000000e+00, 0.000000e+00, 2.329092e-01, 0.000000e+00
98.797595, 3.515911e-02, 0.000000e+00, 3.039750e+03, 3.000000e+02, 0.000000e+00, 0.000000e+00, 0.000000e+00, 2.329092e-01, 0.000000e+00
98.997996, 3.515911e-02, 0.000000e+00, 3.039750e+03, 3.000000e+02, 0.000000e+00, 0.000000e+00, 0.000000e+00, 2.329092e-01, 0.000000e+00
99.198397, 3.515911e-02, 0.000000e+00, 3.039750e+03, 3.000000e+02, 0.000000e+00, 0.000000e+00, 0.000000e+00, 2.329092e-01, 0.000000e+00
99.398798, 3.515911e-02, 0.000000e+00, 3.039750e+03, 3.000000e+02, 0.000000e+00, 0.000000e+00, 0.000000e+00, 2.329092e-01, 0.000000e+00
99.599198, 3.515911e-02, 0.000000e+00, 3.039750e+03, 3.000000e+02, 0.000000e+00, 0.000000e+00, 0.000000e+00, 2.329092e-01, 0.000000e+00
99.799599, 3.515911e-02, 0.000000e+00, 3.039750e+03, 3.000000e+02, 0.000000e+00, 0.000000e+00, 0.000000e+00, 2.329092e-01, 0.000000e+00
100.000000, 3.515911e-02, 0.000000e+00, 3.039750e+03, 3.000000e+02, 0.000000e+00, 0.000000e+00, 0.000000e+00, 2.329092e-01, 0.000000e+00
