# 时间 t = 0.004012 s
# 列: x(m), rho(kg/m3), u(m/s), p(Pa), T(K), Y_H2, Y_H, Y_O, Y_O2, Y_OH
0.000000, 1.274208e+01, 0.000000e+00, 3.039750e+06, 6.000000e+02, 2.852239e-02, 9.673691e-22, 2.688533e-22, 2.263540e-01, 1.930196e-23
0.200401, 1.274208e+01, 0.000000e+00, 3.039750e+06, 6.000000e+02, 2.852239e-02, 9.673691e-22, 2.688533e-22, 2.263540e-01, 1.930196e-23
0.400802, 1.274208e+01, 0.000000e+00, 3.039750e+06, 6.000000e+02, 2.852239e-02, 9.673691e-22, 2.688533e-22, 2.263540e-01, 1.930196e-23
0.601202, 1.274208e+01, 0.000000e+00, 3.039750e+06, 6.000000e+02, 2.852239e-02, 9.673691e-22, 2.688533e-22, 2.263540e-01, 1.930196e-23
0.801603, 1.274208e+01, 0.000000e+00, 3.039750e+06, 6.000000e+02, 2.852239e-02, 9.673691e-22, 2.688533e-22, 2.263540e-01, 1.930196e-23
1.002004, 1.274208e+01, 0.000000e+00, 3.039750e+06, 6.000000e+02, 2.852239e-02, 9.673691e-22, 2.688533e-22, 2.263540e-01, 1.930196e-23
1.202405, 1.274208e+01, 0.000000e+00, 3.039750e+06, 6.000000e+02, 2.852239e-02, 9.673691e-22, 2.688533e-22, 2.263540e-01, 1.930196e-23
1.402806, 1.274208e+01, 0.000000e+00, 3.039750e+06, 6.000000e+02, 2.852239e-02, 9.673691e-22, 2.688533e-22, 2.263540e-01, 1.930196e-23
1.603206, 1.274208e+01, 0.000000e+00, 3.039750e+06, 6.000000e+02, 2.852239e-02, 9.673691e-22, 2.688533e-22, 2.263540e-01, 1.930196e-23
1.803607, 1.274208e+01, 0.000000e+00, 3.039750e+06, 6.000000e+02, 2.852239e-02, 9.673691e-22, 2.688533e-22, 2.263540e-01, 1.930196e-23
2.004008, 1.274208e+01, 0.000000e+00, 3.039750e+06, 6.000000e+02, 2.852239e-02, 9.673691e-22, 2.688533e-22, 2.263540e-01, 1.930196e-23
2.204409, 1.274208e+01, 0.000000e+00, 3.039750e+06, 6.000000e+02, 2.852239e-02, 9.673691e-22, 2.688533e-22, 2.263540e-01, 1.930196e-23
2.404810, 1.274208e+01, 0.000000e+00, 3.039750e+06, 6.000000e+02, 2.852239e-02, 9.673691e-22, 2.688533e-22, 2.263540e-01, 1.930196e-23
2.605210, 1.274208e+01, 0.000000e+00, 3.039750e+06, 6.000000e+02, 2.852239e-02, 9.673691e-22, 2.688533e-22, 2.263540e-01, 1.930196e-23
2.805611, 1.274208e+01, 0.000000e+00, 3.039750e+06, 6.000000e+02, 2.852239e-02, 9.673691e-22, 2.688533e-22, 2.263540e-01, 1.930196e-23
3.006012, 1.274208e+01, 0.000000e+00, 3.039750e+06, 6.000000e+02, 2.852239e-02, 9.673691e-22, 2.688533e-22, 2.263540e-01, 1.930196e-23
3.206413, 1.274208e+01, 0.000000e+00, 3.039750e+06, 6.000000e+02, 2.852239e-02, 9.673691e-22, 2.688533e-22, 2.263540e-01, 1.930196e-23
3.406814, 1.274208e+01, 0.000000e+00, 3.039750e+06, 6.000000e+02, 2.852239e-02, 9.673691e-22, 2.688533e-22, 2.263540e-01, 1.930196e-23
3.607214, 1.274208e+01, 0.000000e+00, 3.039750e+06, 6.000000e+02, 2.852239e-02, 9.673691e-22, 2.688533e-22, 2.263540e-01, 1.930196e-23
3.807615, 1.274208e+01, 0.000000e+00, 3.039750e+06, 6.000000e+02, 2.852239e-02, 9.673691e-22, 2.688533e-22, 2.263540e-01, 1.930196e-23
4.008016, 1.274208e+01, 0.000000e+00, 3.039750e+06, 6.000000e+02, 2.852239e-02, 9.673691e-22, 2.688533e-22, 2.263540e-01, 1.930196e-23
4.208417, 1.274208e+01, 0.000000e+00, 3.039750e+06, 6.000000e+02, 2.852239e-02, 9.673691e-22, 2.688533e-22, 2.263540e-01, 1.930196e-23
4.408818, 1.274208e+01, 0.000000e+00, 3.039750e+06, 6.000000e+02, 2.852239e-02, 9.673691e-22, 2.688533e-22, 2.263540e-01, 1.930196e-23
4.609218, 1.274208e+01, 0.000000e+00, 3.039750e+06, 6.000000e+02, 2.852239e-02, 9.673691e-22, 2.688533e-22, 2.263540e-01, 1.930196e-23
4.809619, 1.274208e+01, 0.000000e+00, 3.039750e+06, 6.000000e+02, 2.852239e-02, 9.673691e-22, 2.688533e-22, 2.263540e-01, 1.930196e-23
5.010020, 1.274208e+01, 0.000000e+00, 3.039750e+06, 6.000000e+02, 2.852239e-02, 9.673691e-22, 2.688533e-22, 2.263540e-01, 1.930196e-23
5.210421, 1.274208e+01, 0.000000e+00, 3.039750e+06, 6.000000e+02, 2.852239e-02, 9.673691e-22, 2.688533e-22, 2.263540e-01, 1.930196e-23
5.410822, 1.274208e+01, 0.000000e+00, 3.039750e+06, 6.000000e+02, 2.852239e-02, 9.673691e-22, 2.688533e-22, 2.263540e-01, 1.930196e-23
5.611222, 1.274208e+01, 0.000000e+00, 3.039750e+06, 6.000000e+02, 2.852239e-02, 9.673691e-22, 2.688533e-22, 2.263540e-01, 1.930196e-23
5.811623, 1.274208e+01, 0.000000e+00, 3.039750e+06, 6.000000e+02, 2.852239e-02, 9.673691e-22, 2.688533e-22, 2.263540e-01, 1.930196e-23
6.012024, 1.274208e+01, 0.000000e+00, 3.039750e+06, 6.000000e+02, 2.852239e-02, 9.673691e-22, 2.688533e-22, 2.263540e-01, 1.930196e-23
6.212425, 1.274208e+01, 0.000000e+00, 3.039750e+06, 6.000000e+02, 2.852239e-02, 9.673691e-22, 2.688533e-22, 2.263540e-01, 1.930196e-23
6.412826, 1.274208e+01, 0.000000e+00, 3.039750e+06, 6.000000e+02, 2.852239e-02, 9.673691e-22, 2.688533e-22, 2.263540e-01, 1.930196e-23
6.613226, 1.274208e+01, 0.000000e+00, 3.039750e+06, 6.000000e+02, 2.852239e-02, 9.673691e-22, 2.688533e-22, 2.263540e-01, 1.930196e-23
6.813627, 1.274208e+01, 0.000000e+00, 3.039750e+06, 6.000000e+02, 2.852239e-02, 9.673691e-22, 2.688533e-22, 2.263540e-01, 1.930196e-23
7.014028, 1.274208e+01, 0.000000e+00, 3.039750e+06, 6.000000e+02, 2.852239e-02, 9.673691e-22, 2.688533e-22, 2.263540e-01, 1.930196e-23
7.214429, 1.274208e+01, 0.000000e+00, 3.039750e+06, 6.000000e+02, 2.852239e-02, 9.673691e-22, 2.688533e-22, 2.263540e-01, 1.930196e-23
7.414830, 1.274208e+01, 0.000000e+00, 3.039750e+06, 6.000000e+02, 2.852239e-02, 9.673691e-22, 2.688533e-22, 2.263540e-01, 1.930196e-23
7.615230, 1.274208e+01, 0.000000e+00, 3.039750e+06, 6.000000e+02, 2.852239e-02, 9.673691e-22, 2.688533e-22, 2.263540e-01, 1.930196e-23
7.815631, 1.274208e+01, 0.000000e+00, 3.039750e+06, 6.000000e+02, 2.852239e-02, 9.673691e-22, 2.688533e-22, 2.263540e-01, 1.930196e-23
8.016032, 1.274208e+01, 0.000000e+00, 3.039750e+06, 6.000000e+02, 2.852239e-02, 9.673691e-22, 2.688533e-22, 2.263540e-01, 1.930196e-23
8.216433, 1.274208e+01, 0.000000e+00, 3.039750e+06, 6.000000e+02, 2.852239e-02, 9.673691e-22, 2.688533e-22, 2.263540e-01, 1.930196e-23
8.416834, 1.274208e+01, 0.000000e+00, 3.039750e+06, 6.000000e+02, 2.852239e-02, 9.673691e-22, 2.688533e-22, 2.263540e-01, 1.930196e-23
8.617234, 1.274208e+01, 0.000000e+00, 3.039750e+06, 6.000000e+02, 2.852239e-02, 9.673691e-22, 2.688533e-22, 2.263540e-01, 1.930196e-23
8.817635, 1.274208e+01, 0.000000e+00, 3.039750e+06, 6.000000e+02, 2.852239e-02, 9.673691e-22, 2.688533e-22, 2.263540e-01, 1.930196e-23
9.018036, 1.274208e+01, 0.000000e+00, 3.039750e+06, 6.000000e+02, 2.852239e-02, 9.673691e-22, 2.688533e-22, 2.263540e-01, 1.930196e-23
9.218437, 1.274208e+01, 0.000000e+00, 3.039750e+06, 6.000000e+02, 2.852239e-02, 9.673691e-22, 2.688533e-22, 2.263540e-01, 1.930196e-23
9.418838, 1.274208e+01, 0.000000e+00, 3.039750e+06, 6.000000e+02, 2.852239e-02, 9.673691e-22, 2.688533e-22, 2.263540e-01, 1.930196e-23
9.619238, 1.274208e+01, 0.000000e+00, 3.039750e+06, 6.000000e+02, 2.852239e-02, 9.673691e-22, 2.688533e-22, 2.263540e-01, 1.930196e-23
9.819639, 1.274208e+01, 0.000000e+00, 3.039750e+06, 6.000000e+02, 2.852239e-02, 9.673691e-22, 2.688533e-22, 2.263540e-01, 1.930196e-23
10.020040, 1.274208e+01, 0.000000e+00, 3.039750e+06, 6.000000e+02, 2.852239e-02, 9.673691e-22, 2.688533e-22, 2.263540e-01, 1.930196e-23
10.220441, 1.274208e+01, 0.000000e+00, 3.039750e+06, 6.000000e+02, 2.852239e-02, 9.673691e-22, 2.688533e-22, 2.263540e-01, 1.930196e-23
10.420842, 1.274208e+01, 0.000000e+00, 3.039750e+06, 6.000000e+02, 2.852239e-02, 9.673691e-22, 2.688533e-22, 2.263540e-01, 1.930196e-23
10.621242, 1.274208e+01, 0.000000e+00, 3.039750e+06, 6.000000e+02, 2.852239e-02, 9.673691e-22, 2.688533e-22, 2.263540e-01, 1.930196e-23
10.821643, 1.274208e+01, 0.000000e+00, 3.039750e+06, 6.000000e+02, 2.852239e-02, 9.673691e-22, 2.688533e-22, 2.263540e-01, 1.930196e-23
11.022044, 1.274208e+01, 0.000000e+00, 3.039750e+06, 6.000000e+02, 2.852239e-02, 9.673691e-22, 2.688533e-22, 2.263540e-01, 1.930196e-23
11.222445, 1.274208e+01, 0.000000e+00, 3.039750e+06, 6.000000e+02, 2.852239e-02, 9.673691e-22, 2.688533e-22, 2.263540e-01, 1.930196e-23
11.422846, 1.274208e+01, 0.000000e+00, 3.039750e+06, 6.000000e+02, 2.852239e-02, 9.673691e-22, 2.688533e-22, 2.263540e-01, 1.930196e-23
11.623246, 1.274208e+01, 0.000000e+00, 3.039750e+06, 6.000000e+02, 2.852239e-02, 9.673691e-22, 2.688533e-22, 2.263540e-01, 1.930196e-23
11.823647, 1.274208e+01, 0.000000e+00, 3.039750e+06, 6.000000e+02, 2.852239e-02, 9.673691e-22, 2.688533e-22, 2.263540e-01, 1.930196e-23
12.024048, 1.274208e+01, 0.000000e+00, 3.039750e+06, 6.000000e+02, 2.852239e-02, 9.673691e-22, 2.688533e-22, 2.263540e-01, 1.930196e-23
12.224449, 1.274208e+01, 0.000000e+00, 3.039750e+06, 6.000000e+02, 2.852239e-02, 9.673691e-22, 2.688533e-22, 2.263540e-01, 1.930196e-23
12.424850, 1.274208e+01, 0.000000e+00, 3.039750e+06, 6.000000e+02, 2.852239e-02, 9.673691e-22, 2.688533e-22, 2.263540e-01, 1.930196e-23
12.625251, 1.274208e+01, 0.000000e+00, 3.039750e+06, 6.000000e+02, 2.852239e-02, 9.673691e-22, 2.688533e-22, 2.263540e-01, 1.930196e-23
12.825651, 1.274208e+01, 0.000000e+00, 3.039750e+06, 6.000000e+02, 2.852239e-02, 9.673691e-22, 2.688533e-22, 2.263540e-01, 1.930196e-23
13.026052, 1.274208e+01, 0.000000e+00, 3.039750e+06, 6.000000e+02, 2.852239e-02, 9.673691e-22, 2.688533e-22, 2.263540e-01, 1.930196e-23
13.226453, 1.274208e+01, 0.000000e+00, 3.039750e+06, 6.000000e+02, 2.852239e-02, 9.673691e-22, 2.688533e-22, 2.263540e-01, 1.930196e-23
13.426854, 1.274208e+01, 0.000000e+00, 3.039750e+06, 6.000000e+02, 2.852239e-02, 9.673691e-22, 2.688533e-22, 2.263540e-01, 1.930196e-23
13.627255, 1.274208e+01, 0.000000e+00, 3.039750e+06, 6.000000e+02, 2.852239e-02, 9.673691e-22, 2.688533e-22, 2.263540e-01, 1.930196e-23
13.827655, 1.274208e+01, 0.000000e+00, 3.039750e+06, 6.000000e+02, 2.852239e-02, 9.673691e-22, 2.688533e-22, 2.263540e-01, 1.930196e-23
14.028056, 1.274208e+01, -5.178125e-15, 3.039750e+06, 6.000000e+02, 2.852239e-02, 9.673691e-22, 2.688533e-22, 2.263540e-01, 1.930196e-23
14.228457, 1.274208e+01, -1.029837e-13, 3.039750e+06, 6.000000e+02, 2.852239e-02, 9.673691e-22, 2.688533e-22, 2.263540e-01, 1.930196e-23
14.428858, 1.274208e+01, -7.450424e-13, 3.039750e+06, 6.000000e+02, 2.852239e-02, 9.673691e-22, 2.688533e-22, 2.263540e-01, 1.930196e-23
14.629259, 1.274208e+01, -4.188940e-12, 3.039750e+06, 6.000000e+02, 2.852239e-02, 9.673691e-22, 2.688533e-22, 2.263540e-01, 1.930196e-23
14.829659, 1.274208e+01, -2.198032e-11, 3.039750e+06, 6.000000e+02, 2.852239e-02, 9.673691e-22, 2.688533e-22, 2.263540e-01, 1.930196e-23
15.030060, 1.274208e+01, -1.110137e-10, 3.039750e+06, 6.000000e+02, 2.852239e-02, 9.673691e-22, 2.688533e-22, 2.263540e-01, 1.930196e-23
15.230461, 1.274208e+01, -5.431325e-10, 3.039750e+06, 6.000000e+02, 2.852239e-02, 9.673691e-22, 2.688533e-22, 2.263540e-01, 1.930196e-23
15.430862, 1.274208e+01, -2.582978e-09, 3.039750e+06, 6.000000e+02, 2.852239e-02, 9.673691e-22, 2.688533e-22, 2.263540e-01, 1.930196e-23
15.631263, 1.274208e+01, -1.194304e-08, 3.039750e+06, 6.000000e+02, 2.852239e-02, 9.673691e-22, 2.688533e-22, 2.263540e-01, 1.930196e-23
15.831663, 1.274208e+01, -5.367163e-08, 3.039750e+06, 6.000000e+02, 2.852239e-02, 9.673691e-22, 2.688533e-22, 2.263540e-01, 1.930196e-23
16.032064, 1.274208e+01, -2.343407e-07, 3.039750e+06, 6.000000e+02, 2.852239e-02, 9.673691e-22, 2.688533e-22, 2.263540e-01, 1.930196e-23
16.232465, 1.274208e+01, -9.937080e-07, 3.039750e+06, 6.000000e+02, 2.852239e-02, 9.673691e-22, 2.688533e-22, 2.263540e-01, 1.930197e-23
16.432866, 1.274208e+01, -4.090902e-06, 3.039750e+06, 6.000000e+02, 2.852239e-02, 9.673691e-22, 2.688533e-22, 2.263540e-01, 1.930197e-23
16.633267, 1.274208e+01, -1.634472e-05, 3.039750e+06, 6.000000e+02, 2.852239e-02, 9.673690e-22, 2.688533e-22, 2.263540e-01, 1.930197e-23
16.833667, 1.274208e+01, -6.335714e-05, 3.039750e+06, 6.000000e+02, 2.852239e-02, 9.673690e-22, 2.688533e-22, 2.263540e-01, 1.930197e-23
17.034068, 1.274209e+01, -2.382061e-04, 3.039751e+06, 6.000000e+02, 2.852239e-02, 9.673686e-22, 2.688532e-22, 2.263540e-01, 1.930196e-23
17.234469, 1.274210e+01, -8.684704e-04, 3.039755e+06, 6.000000e+02, 2.852239e-02, 9.673675e-22, 2.688529e-22, 2.263540e-01, 1.930194e-23
17.434870, 1.274215e+01, -3.070024e-03, 3.039767e+06, 6.000000e+02, 2.852239e-02, 9.673636e-22, 2.688518e-22, 2.263540e-01, 1.930186e-23
17.635271, 1.274233e+01, -1.052197e-02, 3.039809e+06, 6.000000e+02, 2.852239e-02, 9.673502e-22, 2.688481e-22, 2.263540e-01, 1.930160e-23
17.835671, 1.274291e+01, -3.496675e-02, 3.039948e+06, 6.000000e+02, 2.852239e-02, 9.673062e-22, 2.688360e-22, 2.263540e-01, 1.930073e-23
18.036072, 1.274476e+01, -1.126926e-01, 3.040388e+06, 6.000000e+02, 2.852239e-02, 9.671662e-22, 2.687974e-22, 2.263540e-01, 1.929795e-23
18.236473, 1.275046e+01, -3.522821e-01, 3.041749e+06, 6.000000e+02, 2.852239e-02, 9.667340e-22, 2.686784e-22, 2.263540e-01, 1.928937e-23
18.436874, 1.276752e+01, -1.067891e+00, 3.045819e+06, 6.000000e+02, 2.852239e-02, 9.654432e-22, 2.683227e-22, 2.263540e-01, 1.926374e-23
18.637275, 1.281690e+01, -3.133110e+00, 3.057598e+06, 6.000000e+02, 2.852239e-02, 9.617281e-22, 2.672985e-22, 2.263540e-01, 1.919402e-23
18.837675, 1.295397e+01, -8.836699e+00, 3.090298e+06, 6.000000e+02, 2.852239e-02, 9.517115e-22, 2.645344e-22, 2.263540e-01, 2.242998e-23
19.038076, 1.331161e+01, -2.351083e+01, 3.175617e+06, 6.000000e+02, 2.852239e-02, 9.609111e-22, 2.671151e-22, 2.263540e-01, 8.523816e-22
19.238477, 1.415167e+01, -5.663285e+01, 3.376020e+06, 6.000000e+02, 2.852229e-02, 3.293994e-21, 9.143612e-22, 2.263532e-01, 6.044947e-20
19.438878, 1.581454e+01, -1.164675e+02, 3.772666e+06, 6.000000e+02, 2.851990e-02, 5.467656e-20, 1.518207e-20, 2.263341e-01, 1.439552e-18
19.639279, 1.841861e+01, -1.970786e+02, 4.393332e+06, 6.000000e+02, 2.849585e-02, 4.646194e-19, 1.291120e-19, 2.261416e-01, 1.362963e-17
19.839679, 2.157850e+01, -2.787360e+02, 5.143817e+06, 6.000000e+02, 2.837570e-02, 2.003319e-18, 5.567173e-19, 2.251801e-01, 6.631378e-17
20.040080, 2.464006e+01, -3.452289e+02, 5.862189e+06, 6.000000e+02, 2.800369e-02, 5.425796e-18, 1.507410e-18, 2.222042e-01, 2.094103e-16
20.240481, 2.714328e+01, -3.916744e+02, 6.429354e+06, 6.000000e+02, 2.716469e-02, 1.062259e-17, 2.947939e-18, 2.154967e-01, 5.033662e-16
20.440882, 2.896646e+01, -4.202068e+02, 6.806413e+06, 6.000001e+02, 2.564590e-02, 1.642682e-17, 4.546934e-18, 2.033637e-01, 1.011762e-15
20.641283, 3.018714e+01, -4.347946e+02, 7.005889e+06, 6.000002e+02, 2.332014e-02, 2.177442e-17, 6.002323e-18, 1.848027e-01, 1.793967e-15
20.841683, 3.091271e+01, -4.388135e+02, 7.055225e+06, 6.000006e+02, 2.022073e-02, 2.729849e-17, 7.502953e-18, 1.600984e-01, 2.895784e-15
21.042084, 3.117932e+01, -4.346371e+02, 6.974519e+06, 6.000016e+02, 1.656131e-02, 3.636066e-17, 1.008718e-17, 1.309754e-01, 4.343621e-15
21.242485, 3.076053e+01, -4.263602e+02, 6.732710e+06, 6.000051e+02, 1.267186e-02, 5.804429e-17, 1.710198e-17, 1.000795e-01, 6.181424e-15
21.442886, 2.713849e+01, -4.534243e+02, 5.812038e+06, 6.000227e+02, 8.852927e-03, 1.348839e-16, 1.197685e-16, 6.980946e-02, 9.113297e-15
21.643287, 1.215427e+01, -7.904233e+02, 2.545900e+06, 6.002063e+02, 4.991558e-03, 4.929145e-14, 3.257796e-10, 3.926764e-02, 2.174699e-11
21.843687, 1.757449e+00, -2.050646e+03, 4.930915e+05, 8.232811e+02, 9.977680e-04, 2.170162e-07, 3.297197e-06, 7.677427e-03, 6.848260e-06
22.044088, 1.776105e+00, -1.705152e+03, 1.745736e+06, 2.849062e+03, 1.862039e-03, 1.458778e-04, 9.231706e-04, 1.027922e-02, 1.003872e-02
22.244489, 2.264433e+00, -1.355164e+03, 2.535924e+06, 3.183554e+03, 3.335968e-03, 4.533509e-04, 3.133143e-03, 1.730232e-02, 2.042531e-02
22.444890, 2.696655e+00, -1.119245e+03, 3.094526e+06, 3.251871e+03, 3.548889e-03, 5.089731e-04, 3.568403e-03, 1.815884e-02, 2.219713e-02
22.645291, 2.952331e+00, -9.751138e+02, 3.420740e+06, 3.280067e+03, 3.616114e-03, 5.260562e-04, 3.708846e-03, 1.839744e-02, 2.280778e-02
22.845691, 3.141669e+00, -8.596892e+02, 3.659187e+06, 3.295987e+03, 3.642024e-03, 5.318086e-04, 3.760863e-03, 1.846830e-02, 2.307714e-02
23.046092, 3.291648e+00, -7.585850e+02, 3.847518e+06, 3.307044e+03, 3.656044e-03, 5.344967e-04, 3.787748e-03, 1.849664e-02, 2.323901e-02
23.246493, 3.414611e+00, -6.656829e+02, 4.002092e+06, 3.315561e+03, 3.665818e-03, 5.362321e-04, 3.806079e-03, 1.851309e-02, 2.335719e-02
23.446894, 3.516576e+00, -5.780693e+02, 4.130553e+06, 3.322395e+03, 3.673499e-03, 5.375746e-04, 3.820433e-03, 1.852543e-02, 2.345100e-02
23.647295, 3.600832e+00, -4.941542e+02, 4.236934e+06, 3.327919e+03, 3.679712e-03, 5.386641e-04, 3.832068e-03, 1.853540e-02, 2.352689e-02
23.847695, 3.669405e+00, -4.129419e+02, 4.323700e+06, 3.332359e+03, 3.684810e-03, 5.395762e-04, 3.841681e-03, 1.854395e-02, 2.358857e-02
24.048096, 3.723684e+00, -3.337379e+02, 4.392535e+06, 3.335861e+03, 3.688986e-03, 5.403489e-04, 3.849645e-03, 1.855148e-02, 2.363823e-02
24.248497, 3.764681e+00, -2.560173e+02, 4.444654e+06, 3.338519e+03, 3.692337e-03, 5.409972e-04, 3.856134e-03, 1.855812e-02, 2.367712e-02
24.448898, 3.793143e+00, -1.793573e+02, 4.480945e+06, 3.340398e+03, 3.694905e-03, 5.415224e-04, 3.861201e-03, 1.856384e-02, 2.370590e-02
24.649299, 3.809601e+00, -1.033966e+02, 4.502040e+06, 3.341536e+03, 3.696695e-03, 5.419197e-04, 3.864838e-03, 1.856851e-02, 2.372486e-02
24.849699, 3.814387e+00, -2.780980e+01, 4.508332e+06, 3.341956e+03, 3.697709e-03, 5.421849e-04, 3.867031e-03, 1.857205e-02, 2.373416e-02
25.050100, 3.807250e+00, 4.765082e+01, 4.499704e+06, 3.341766e+03, 3.698597e-03, 5.425170e-04, 3.869280e-03, 1.857737e-02, 2.373869e-02
25.250501, 3.787840e+00, 1.230608e+02, 4.475688e+06, 3.340925e+03, 3.699247e-03, 5.428865e-04, 3.871344e-03, 1.858407e-02, 2.373749e-02
25.450902, 3.757121e+00, 1.985353e+02, 4.437309e+06, 3.339361e+03, 3.699049e-03, 5.431003e-04, 3.871790e-03, 1.858930e-02, 2.372611e-02
25.651303, 3.714955e+00, 2.744065e+02, 4.384428e+06, 3.337059e+03, 3.698016e-03, 5.431668e-04, 3.870663e-03, 1.859319e-02, 2.370454e-02
25.851703, 3.661028e+00, 3.510412e+02, 4.316695e+06, 3.333986e+03, 3.696148e-03, 5.430915e-04, 3.867978e-03, 1.859587e-02, 2.367256e-02
26.052104, 3.594847e+00, 4.288621e+02, 4.233542e+06, 3.330085e+03, 3.693407e-03, 5.428724e-04, 3.863683e-03, 1.859737e-02, 2.362955e-02
26.252505, 3.515701e+00, 5.083820e+02, 4.134136e+06, 3.325272e+03, 3.689696e-03, 5.424934e-04, 3.857598e-03, 1.859755e-02, 2.357434e-02
26.452906, 3.422576e+00, 5.902604e+02, 4.017265e+06, 3.319414e+03, 3.684829e-03, 5.419155e-04, 3.849352e-03, 1.859595e-02, 2.350486e-02
26.653307, 3.313936e+00, 6.754179e+02, 3.881074e+06, 3.312310e+03, 3.678466e-03, 5.410635e-04, 3.838264e-03, 1.859164e-02, 2.341762e-02
26.853707, 3.187185e+00, 7.652929e+02, 3.722397e+06, 3.303626e+03, 3.670026e-03, 5.398037e-04, 3.823143e-03, 1.858293e-02, 2.330672e-02
27.054108, 3.037521e+00, 8.624495e+02, 3.535115e+06, 3.292595e+03, 3.657480e-03, 5.375980e-04, 3.799622e-03, 1.856236e-02, 2.315416e-02
27.254509, 2.855418e+00, 9.719870e+02, 3.306553e+06, 3.277247e+03, 3.634183e-03, 5.325890e-04, 3.753156e-03, 1.850313e-02, 2.290476e-02
27.454910, 2.621366e+00, 1.105003e+03, 3.009559e+06, 3.251960e+03, 3.577812e-03, 5.184447e-04, 3.635252e-03, 1.831031e-02, 2.238097e-02
27.655311, 2.250027e+00, 1.309530e+03, 2.535347e+06, 3.198819e+03, 3.428045e-03, 4.794224e-04, 3.324806e-03, 1.773207e-02, 2.109519e-02
27.855711, 1.839006e+00, 1.582872e+03, 1.940614e+06, 3.027644e+03, 2.677444e-03, 2.954129e-04, 1.966947e-03, 1.430432e-02, 1.552540e-02
28.056112, 1.540543e+00, 1.996367e+03, 8.492186e+05, 1.621196e+03, 5.298755e-04, 1.292687e-05, 2.624130e-05, 4.023023e-03, 5.163858e-04
28.256513, 8.077694e+00, 9.511927e+02, 1.747731e+06, 6.239667e+02, 3.958296e-03, 2.699058e-14, 4.157743e-12, 3.062645e-02, 1.504786e-12
28.456914, 2.410570e+01, 4.667072e+02, 5.137438e+06, 6.006960e+02, 7.864012e-03, 6.316869e-16, 3.514287e-14, 6.159375e-02, 2.324766e-14
28.657315, 2.992090e+01, 4.126604e+02, 6.502104e+06, 6.000407e+02, 1.143856e-02, 1.516830e-16, -1.118972e-17, 8.995585e-02, 1.164150e-14
28.857715, 3.108936e+01, 4.225784e+02, 6.894827e+06, 6.000070e+02, 1.504935e-02, 7.032236e-17, -8.215234e-18, 1.186726e-01, 7.900749e-15
29.058116, 3.133683e+01, 4.327402e+02, 7.085673e+06, 6.000022e+02, 1.854232e-02, 4.476042e-17, -9.933121e-18, 1.465136e-01, 5.323677e-15
29.258517, 3.112076e+01, 4.365851e+02, 7.158092e+06, 6.000008e+02, 2.167299e-02, 3.347654e-17, -1.025482e-16, 1.715126e-01, 3.438013e-15
29.458918, 3.046133e+01, 4.323466e+02, 7.103700e+06, 6.000003e+02, 2.423468e-02, 2.634528e-17, 6.907563e-18, 1.919985e-01, 2.096779e-15
29.659319, 2.928140e+01, 4.178011e+02, 6.897589e+06, 6.000001e+02, 2.612407e-02, 1.976738e-17, 5.343532e-18, 2.071257e-01, 1.178992e-15
29.859719, 2.746864e+01, 3.897840e+02, 6.512974e+06, 6.000000e+02, 2.735959e-02, 1.296195e-17, 3.596936e-18, 2.170269e-01, 5.939210e-16
30.060120, 2.496398e+01, 3.447473e+02, 5.940868e+06, 6.000000e+02, 2.805689e-02, 6.886333e-18, 1.913257e-18, 2.226187e-01, 2.552100e-16
30.260521, 2.190544e+01, 2.808536e+02, 5.221867e+06, 6.000000e+02, 2.838040e-02, 2.730261e-18, 7.587952e-19, 2.252144e-01, 8.597748e-17
30.460922, 1.873730e+01, 2.023306e+02, 4.469290e+06, 6.000000e+02, 2.849340e-02, 7.117953e-19, 1.977880e-19, 2.261213e-01, 1.971293e-17
30.661323, 1.608052e+01, 1.233855e+02, 3.836100e+06, 6.000000e+02, 2.851910e-02, 1.004909e-19, 2.789275e-20, 2.263276e-01, 2.498549e-18
30.861723, 1.432832e+01, 6.249186e+01, 3.418159e+06, 6.000000e+02, 2.852222e-02, 6.806167e-21, 1.890799e-21, 2.263527e-01, 1.384900e-19
31.062124, 1.340704e+01, 2.706217e+01, 3.198381e+06, 6.000000e+02, 2.852238e-02, 1.045292e-21, 2.905168e-22, 2.263540e-01, 2.817928e-21
31.262525, 1.299892e+01, 1.059205e+01, 3.101021e+06, 6.000000e+02, 2.852239e-02, 9.491454e-22, 2.638272e-22, 2.263540e-01, 3.774162e-23
31.462926, 1.283647e+01, 3.913518e+00, 3.062267e+06, 6.000000e+02, 2.852239e-02, 9.602654e-22, 2.668951e-22, 2.263540e-01, 1.920149e-23
31.663327, 1.277564e+01, 1.395387e+00, 3.047757e+06, 6.000000e+02, 2.852239e-02, 9.648302e-22, 2.681538e-22, 2.263540e-01, 1.925159e-23
31.863727, 1.275371e+01, 4.843533e-01, 3.042524e+06, 6.000000e+02, 2.852239e-02, 9.664879e-22, 2.686106e-22, 2.263540e-01, 1.928448e-23
32.064128, 1.274602e+01, 1.641452e-01, 3.040689e+06, 6.000000e+02, 2.852239e-02, 9.670707e-22, 2.687711e-22, 2.263540e-01, 1.929605e-23
32.264529, 1.274338e+01, 5.434987e-02, 3.040060e+06, 6.000000e+02, 2.852239e-02, 9.672704e-22, 2.688261e-22, 2.263540e-01, 1.930002e-23
32.464930, 1.274250e+01, 1.758225e-02, 3.039850e+06, 6.000000e+02, 2.852239e-02, 9.673372e-22, 2.688445e-22, 2.263540e-01, 1.930134e-23
32.665331, 1.274221e+01, 5.556385e-03, 3.039782e+06, 6.000000e+02, 2.852239e-02, 9.673590e-22, 2.688505e-22, 2.263540e-01, 1.930177e-23
32.865731, 1.274212e+01, 1.715161e-03, 3.039760e+06, 6.000000e+02, 2.852239e-02, 9.673660e-22, 2.688524e-22, 2.263540e-01, 1.930191e-23
33.066132, 1.274209e+01, 5.171326e-04, 3.039753e+06, 6.000000e+02, 2.852239e-02, 9.673681e-22, 2.688530e-22, 2.263540e-01, 1.930195e-23
33.266533, 1.274209e+01, 1.523046e-04, 3.039751e+06, 6.000000e+02, 2.852239e-02, 9.673688e-22, 2.688532e-22, 2.263540e-01, 1.930196e-23
33.466934, 1.274208e+01, 4.382295e-05, 3.039750e+06, 6.000000e+02, 2.852239e-02, 9.673690e-22, 2.688533e-22, 2.263540e-01, 1.930197e-23
33.667335, 1.274208e+01, 1.232136e-05, 3.039750e+06, 6.000000e+02, 2.852239e-02, 9.673690e-22, 2.688533e-22, 2.263540e-01, 1.930197e-23
33.867735, 1.274208e+01, 3.386071e-06, 3.039750e+06, 6.000000e+02, 2.852239e-02, 9.673691e-22, 2.688533e-22, 2.263540e-01, 1.930197e-23
34.068136, 1.274208e+01, 9.097929e-07, 3.039750e+06, 6.000000e+02, 2.852239e-02, 9.673691e-22, 2.688533e-22, 2.263540e-01, 1.930196e-23
34.268537, 1.274208e+01, 2.390772e-07, 3.039750e+06, 6.000000e+02, 2.852239e-02, 9.673691e-22, 2.688533e-22, 2.263540e-01, 1.930196e-23
34.468938, 1.274208e+01, 6.146555e-08, 3.039750e+06, 6.000000e+02, 2.852239e-02, 9.673691e-22, 2.688533e-22, 2.263540e-01, 1.930196e-23
34.669339, 1.274208e+01, 1.546596e-08, 3.039750e+06, 6.000000e+02, 2.852239e-02, 9.673691e-22, 2.688533e-22, 2.263540e-01, 1.930196e-23
34.869739, 1.274208e+01, 3.810075e-09, 3.039750e+06, 6.000000e+02, 2.852239e-02, 9.673691e-22, 2.688533e-22, 2.263540e-01, 1.930196e-23
35.070140, 1.274208e+01, 9.192642e-10, 3.039750e+06, 6.000000e+02, 2.852239e-02, 9.673691e-22, 2.688533e-22, 2.263540e-01, 1.930196e-23
35.270541, 1.274208e+01, 2.172314e-10, 3.039750e+06, 6.000000e+02, 2.852239e-02, 9.673691e-22, 2.688533e-22, 2.263540e-01, 1.930196e-23
35.470942, 1.274208e+01, 5.024656e-11, 3.039750e+06, 6.000000e+02, 2.852239e-02, 9.673691e-22, 2.688533e-22, 2.263540e-01, 1.930196e-23
35.671343, 1.274208e+01, 1.135734e-11, 3.039750e+06, 6.000000e+02, 2.852239e-02, 9.673691e-22, 2.688533e-22, 2.263540e-01, 1.930196e-23
35.871743, 1.274208e+01, 2.485954e-12, 3.039750e+06, 6.000000e+02, 2.852239e-02, 9.673691e-22, 2.688533e-22, 2.263540e-01, 1.930196e-23
36.072144, 1.274208e+01, 5.085038e-13, 3.039750e+06, 6.000000e+02, 2.852239e-02, 9.673691e-22, 2.688533e-22, 2.263540e-01, 1.930196e-23
36.272545, 1.274208e+01, 8.757238e-14, 3.039750e+06, 6.000000e+02, 2.852239e-02, 9.673691e-22, 2.688533e-22, 2.263540e-01, 1.930196e-23
36.472946, 1.274208e+01, 5.178125e-15, 3.039750e+06, 6.000000e+02, 2.852239e-02, 9.673691e-22, 2.688533e-22, 2.263540e-01, 1.930196e-23
36.673347, 1.274208e+01, 0.000000e+00, 3.039750e+06, 6.000000e+02, 2.852239e-02, 9.673691e-22, 2.688533e-22, 2.263540e-01, 1.930196e-23
36.873747, 1.274208e+01, 0.000000e+00, 3.039750e+06, 6.000000e+02, 2.852239e-02, 9.673691e-22, 2.688533e-22, 2.263540e-01, 1.930196e-23
37.074148, 1.274208e+01, 0.000000e+00, 3.039750e+06, 6.000000e+02, 2.852239e-02, 9.673691e-22, 2.688533e-22, 2.263540e-01, 1.930196e-23
37.274549, 1.274208e+01, 0.000000e+00, 3.039750e+06, 6.000000e+02, 2.852239e-02, 9.673691e-22, 2.688533e-22, 2.263540e-01, 1.930196e-23
37.474950, 1.274208e+01, 0.000000e+00, 3.039750e+06, 6.000000e+02, 2.852239e-02, 9.673691e-22, 2.688533e-22, 2.263540e-01, 1.930196e-23
37.675351, 1.274208e+01, 0.000000e+00, 3.039750e+06, 6.000000e+02, 2.852239e-02, 9.673691e-22, 2.688533e-22, 2.263540e-01, 1.930196e-23
37.875752, 1.274208e+01, 0.000000e+00, 3.039750e+06, 6.000000e+02, 2.852239e-02, 9.673691e-22, 2.688533e-22, 2.263540e-01, 1.930196e-23
38.076152, 1.274208e+01, 0.000000e+00, 3.039750e+06, 6.000000e+02, 2.852239e-02, 9.673691e-22, 2.688533e-22, 2.263540e-01, 1.930196e-23
38.276553, 1.274208e+01, 0.000000e+00, 3.039750e+06, 6.000000e+02, 2.852239e-02, 9.673691e-22, 2.688533e-22, 2.263540e-01, 1.930196e-23
38.476954, 1.274208e+01, 0.000000e+00, 3.039750e+06, 6.000000e+02, 2.852239e-02, 9.673691e-22, 2.688533e-22, 2.263540e-01, 1.930196e-23
38.677355, 1.274208e+01, 0.000000e+00, 3.039750e+06, 6.000000e+02, 2.852239e-02, 9.673691e-22, 2.688533e-22, 2.263540e-01, 1.930196e-23
38.877756, 1.274208e+01, 0.000000e+00, 3.039750e+06, 6.000000e+02, 2.852239e-02, 9.673691e-22, 2.688533e-22, 2.263540e-01, 1.930196e-23
39.078156, 1.274208e+01, 0.000000e+00, 3.039750e+06, 6.000000e+02, 2.852239e-02, 9.673691e-22, 2.688533e-22, 2.263540e-01, 1.930196e-23
39.278557, 1.274208e+01, 0.000000e+00, 3.039750e+06, 6.000000e+02, 2.852239e-02, 9.673691e-22, 2.688533e-22, 2.263540e-01, 1.930196e-23
39.478958, 1.274208e+01, 0.000000e+00, 3.039750e+06, 6.000000e+02, 2.852239e-02, 9.673691e-22, 2.688533e-22, 2.263540e-01, 1.930196e-23
39.679359, 1.274208e+01, 0.000000e+00, 3.039750e+06, 6.000000e+02, 2.852239e-02, 9.673691e-22, 2.688533e-22, 2.263540e-01, 1.930196e-23
39.879760, 1.274208e+01, 0.000000e+00, 3.039750e+06, 6.000000e+02, 2.852239e-02, 9.673691e-22, 2.688533e-22, 2.263540e-01, 1.930196e-23
40.080160, 1.274208e+01, 0.000000e+00, 3.039750e+06, 6.000000e+02, 2.852239e-02, 9.673691e-22, 2.688533e-22, 2.263540e-01, 1.930196e-23
40.280561, 1.274208e+01, 0.000000e+00, 3.039750e+06, 6.000000e+02, 2.852239e-02, 9.673691e-22, 2.688533e-22, 2.263540e-01, 1.930196e-23
40.480962, 1.274208e+01, 0.000000e+00, 3.039750e+06, 6.000000e+02, 2.852239e-02, 9.673691e-22, 2.688533e-22, 2.263540e-01, 1.930196e-23
40.681363, 1.274208e+01, 0.000000e+00, 3.039750e+06, 6.000000e+02, 2.852239e-02, 9.673691e-22, 2.688533e-22, 2.263540e-01, 1.930196e-23
40.881764, 1.274208e+01, 0.000000e+00, 3.039750e+06, 6.000000e+02, 2.852239e-02, 9.673691e-22, 2.688533e-22, 2.263540e-01, 1.930196e-23
41.082164, 1.274208e+01, 0.000000e+00, 3.039750e+06, 6.000000e+02, 2.852239e-02, 9.673691e-22, 2.688533e-22, 2.263540e-01, 1.930196e-23
41.282565, 1.274208e+01, 0.000000e+00, 3.039750e+06, 6.000000e+02, 2.852239e-02, 9.673691e-22, 2.688533e-22, 2.263540e-01, 1.930196e-23
41.482966, 1.274208e+01, 6.179307e-14, 3.039750e+06, 6.000000e+02, 2.852239e-02, 9.673691e-22, 2.688533e-22, 2.263540e-01, 1.930196e-23
41.683367, 1.274208e+01, 5.389796e-13, 3.039750e+06, 6.000000e+02, 2.852239e-02, 9.673691e-22, 2.688533e-22, 2.263540e-01, 1.930196e-23
41.883768, 1.274208e+01, 2.747510e-12, 3.039750e+06, 6.000000e+02, 2.852239e-02, 9.673691e-22, 2.688533e-22, 2.263540e-01, 1.930196e-23
42.084168, 1.274208e+01, 1.328224e-11, 3.039750e+06, 6.000000e+02, 2.852239e-02, 9.673691e-22, 2.688533e-22, 2.263540e-01, 1.930196e-23
42.284569, 1.274208e+01, 6.218490e-11, 3.039750e+06, 6.000000e+02, 2.852239e-02, 9.673691e-22, 2.688533e-22, 2.263540e-01, 1.930196e-23
42.484970, 1.274208e+01, 2.819137e-10, 3.039750e+06, 6.000000e+02, 2.852239e-02, 9.673691e-22, 2.688533e-22, 2.263540e-01, 1.930196e-23
42.685371, 1.274208e+01, 1.239085e-09, 3.039750e+06, 6.000000e+02, 2.852239e-02, 9.673691e-22, 2.688533e-22, 2.263540e-01, 1.930196e-23
42.885772, 1.274208e+01, 5.275777e-09, 3.039750e+06, 6.000000e+02, 2.852239e-02, 9.673691e-22, 2.688533e-22, 2.263540e-01, 1.930196e-23
43.086172, 1.274208e+01, 2.174784e-08, 3.039750e+06, 6.000000e+02, 2.852239e-02, 9.673691e-22, 2.688533e-22, 2.263540e-01, 1.930196e-23
43.286573, 1.274208e+01, 8.673269e-08, 3.039750e+06, 6.000000e+02, 2.852239e-02, 9.673691e-22, 2.688533e-22, 2.263540e-01, 1.930196e-23
43.486974, 1.274208e+01, 3.343866e-07, 3.039750e+06, 6.000000e+02, 2.852239e-02, 9.673691e-22, 2.688533e-22, 2.263540e-01, 1.930196e-23
43.687375, 1.274208e+01, 1.245255e-06, 3.039750e+06, 6.000000e+02, 2.852239e-02, 9.673691e-22, 2.688533e-22, 2.263540e-01, 1.930197e-23
43.887776, 1.274208e+01, 4.475410e-06, 3.039750e+06, 6.000000e+02, 2.852239e-02, 9.673691e-22, 2.688533e-22, 2.263540e-01, 1.930197e-23
44.088176, 1.274208e+01, 1.550854e-05, 3.039750e+06, 6.000000e+02, 2.852239e-02, 9.673691e-22, 2.688533e-22, 2.263540e-01, 1.930197e-23
44.288577, 1.274208e+01, 5.176598e-05, 3.039750e+06, 6.000000e+02, 2.852239e-02, 9.673692e-22, 2.688533e-22, 2.263540e-01, 1.930197e-23
44.488978, 1.274208e+01, 1.662633e-04, 3.039749e+06, 6.000000e+02, 2.852239e-02, 9.673694e-22, 2.688534e-22, 2.263540e-01, 1.930198e-23
44.689379, 1.274207e+01, 5.132613e-04, 3.039747e+06, 6.000000e+02, 2.852239e-02, 9.673700e-22, 2.688536e-22, 2.263540e-01, 1.930199e-23
44.889780, 1.274205e+01, 1.521067e-03, 3.039741e+06, 6.000000e+02, 2.852239e-02, 9.673718e-22, 2.688541e-22, 2.263540e-01, 1.930203e-23
45.090180, 1.274198e+01, 4.321818e-03, 3.039725e+06, 6.000000e+02, 2.852239e-02, 9.673769e-22, 2.688555e-22, 2.263540e-01, 1.930213e-23
45.290581, 1.274180e+01, 1.175690e-02, 3.039683e+06, 6.000000e+02, 2.852239e-02, 9.673904e-22, 2.688592e-22, 2.263540e-01, 1.930240e-23
45.490982, 1.274135e+01, 3.057644e-02, 3.039575e+06, 6.000000e+02, 2.852239e-02, 9.674248e-22, 2.688687e-22, 2.263540e-01, 1.930308e-23
45.691383, 1.274025e+01, 7.590471e-02, 3.039314e+06, 6.000000e+02, 2.852239e-02, 9.675078e-22, 2.688916e-22, 2.263540e-01, 1.930474e-23
45.891784, 1.273774e+01, 1.795676e-01, 3.038715e+06, 6.000000e+02, 2.852239e-02, 9.676981e-22, 2.689442e-22, 2.263540e-01, 1.930852e-23
46.092184, 1.273229e+01, 4.041512e-01, 3.037413e+06, 6.000000e+02, 2.852239e-02, 9.681121e-22, 2.690587e-22, 2.263540e-01, 1.931676e-23
46.292585, 1.272108e+01, 8.640195e-01, 3.034740e+06, 6.000000e+02, 2.852239e-02, 9.689633e-22, 2.692942e-22, 2.263540e-01, 1.933371e-23
46.492986, 1.269938e+01, 1.752112e+00, 3.029564e+06, 6.000000e+02, 2.852239e-02, 9.706157e-22, 2.697517e-22, 2.263540e-01, 1.936661e-23
46.693387, 1.265985e+01, 3.366861e+00, 3.020133e+06, 6.000000e+02, 2.852239e-02, 9.736400e-22, 2.705893e-22, 2.263540e-01, 1.942683e-23
46.893788, 1.259221e+01, 6.128431e+00, 3.003996e+06, 6.000000e+02, 2.852239e-02, 9.788578e-22, 2.720351e-22, 2.263540e-01, 1.953077e-23
47.094188, 1.248357e+01, 1.057136e+01, 2.978080e+06, 6.000000e+02, 2.852239e-02, 9.873527e-22, 2.743900e-22, 2.263540e-01, 1.970002e-23
47.294589, 1.231979e+01, 1.730567e+01, 2.939007e+06, 6.000000e+02, 2.852239e-02, 1.000438e-21, 2.780187e-22, 2.263540e-01, 1.996078e-23
47.494990, 1.208758e+01, 2.695065e+01, 2.883613e+06, 6.000000e+02, 2.852239e-02, 1.019590e-21, 2.833310e-22, 2.263540e-01, 2.034248e-23
47.695391, 1.177711e+01, 4.005897e+01, 2.809547e+06, 6.000000e+02, 2.852239e-02, 1.046362e-21, 2.907586e-22, 2.263540e-01, 2.087609e-23
47.895792, 1.138400e+01, 5.705445e+01, 2.715766e+06, 6.000000e+02, 2.852239e-02, 1.082334e-21, 3.007404e-22, 2.263540e-01, 2.159315e-23
48.096192, 1.091026e+01, 7.820144e+01, 2.602751e+06, 6.000000e+02, 2.852239e-02, 1.129098e-21, 3.137179e-22, 2.263540e-01, 2.252537e-23
48.296593, 1.036385e+01, 1.036118e+02, 2.472398e+06, 6.000000e+02, 2.852239e-02, 1.188301e-21, 3.301479e-22, 2.263540e-01, 2.370556e-23
48.496994, 9.757019e+00, 1.332844e+02, 2.327634e+06, 6.000000e+02, 2.852239e-02, 1.261772e-21, 3.505370e-22, 2.263540e-01, 2.517014e-23
48.697395, 9.104117e+00, 1.671701e+02, 2.171877e+06, 6.000000e+02, 2.852239e-02, 1.351694e-21, 3.754895e-22, 2.263540e-01, 2.696257e-23
48.897796, 8.419150e+00, 2.052597e+02, 2.008472e+06, 6.000000e+02, 2.852239e-02, 1.460949e-21, 4.058027e-22, 2.263540e-01, 2.914021e-23
49.098196, 7.713409e+00, 2.477149e+02, 1.840110e+06, 6.000000e+02, 2.852239e-02, 1.593735e-21, 4.426364e-22, 2.263540e-01, 3.178654e-23
49.298597, 6.992638e+00, 2.951121e+02, 1.668163e+06, 6.000000e+02, 2.852239e-02, 1.756943e-21, 4.878921e-22, 2.263540e-01, 3.503851e-23
49.498998, 6.251732e+00, 3.490506e+02, 1.491413e+06, 6.000000e+02, 2.852239e-02, 1.963891e-21, 5.452383e-22, 2.263540e-01, 3.916056e-23
49.699399, 5.458267e+00, 4.142498e+02, 1.302124e+06, 6.000000e+02, 2.852239e-02, 2.247878e-21, 6.238216e-22, 2.263540e-01, 4.481289e-23
49.899800, 4.464872e+00, 5.105994e+02, 1.065140e+06, 6.000000e+02, 2.852239e-02, 2.746212e-21, 7.611188e-22, 2.263540e-01, 5.470854e-23
50.100200, 2.620686e+00, 9.218942e+02, 3.039750e+03, 3.000000e+02, 2.852239e-02, 2.705652e-21, 7.498618e-22, 2.263540e-01, 5.389962e-23
50.300601, 2.656923e+00, 9.179735e+02, 3.039750e+03, 3.000000e+02, 2.852239e-02, 2.682298e-21, 7.433421e-22, 2.263540e-01, 5.343229e-23
50.501002, 2.704704e+00, 9.133077e+02, 3.039750e+03, 3.000000e+02, 2.852238e-02, 2.654853e-21, 7.356865e-22, 2.263540e-01, 5.288341e-23
50.701403, 2.771699e+00, 9.075327e+02, 3.039750e+03, 3.000000e+02, 2.852234e-02, 2.621524e-21, 7.263986e-22, 2.263540e-01, 5.221727e-23
50.901804, 2.871666e+00, 8.999982e+02, 3.039750e+03, 3.000000e+02, 2.852216e-02, 2.579128e-21, 7.145969e-22, 2.263541e-01, 5.137048e-23
51.102204, 3.025278e+00, 8.896959e+02, 3.039750e+03, 3.000000e+02, 2.852147e-02, 2.522968e-21, 6.989811e-22, 2.263542e-01, 5.024954e-23
51.302605, 3.254639e+00, 8.754820e+02, 3.039750e+03, 3.000000e+02, 2.851936e-02, 2.448168e-21, 6.782028e-22, 2.263547e-01, 4.875745e-23
51.503006, 3.567496e+00, 8.567355e+02, 3.039750e+03, 3.000000e+02, 2.851407e-02, 2.352914e-21, 6.517620e-22, 2.263559e-01, 4.685817e-23
51.703407, 3.935190e+00, 8.340067e+02, 3.039750e+03, 3.000000e+02, 2.850285e-02, 2.241173e-21, 6.207606e-22, 2.263585e-01, 4.463084e-23
51.903808, 4.280593e+00, 8.088883e+02, 3.039750e+03, 3.000000e+02, 2.848198e-02, 2.121462e-21, 5.875593e-22, 2.263633e-01, 4.224514e-23
52.104208, 4.493929e+00, 7.831663e+02, 3.039750e+03, 3.000000e+02, 2.844628e-02, 2.002561e-21, 5.545893e-22, 2.263715e-01, 3.987587e-23
52.304609, 4.475866e+00, 7.580757e+02, 3.039750e+03, 3.000000e+02, 2.838776e-02, 1.890255e-21, 5.234518e-22, 2.263849e-01, 3.763818e-23
52.505010, 4.183231e+00, 7.340715e+02, 3.039750e+03, 3.000000e+02, 2.829306e-02, 1.786756e-21, 4.947580e-22, 2.264067e-01, 3.557608e-23
52.705411, 3.648357e+00, 7.109068e+02, 3.039750e+03, 3.000000e+02, 2.813904e-02, 1.691552e-21, 4.683647e-22, 2.264421e-01, 3.367929e-23
52.905812, 2.962445e+00, 6.877053e+02, 3.039750e+03, 3.000000e+02, 2.788529e-02, 1.602252e-21, 4.436095e-22, 2.265004e-01, 3.190019e-23
53.106212, 2.237069e+00, 6.628518e+02, 3.039750e+03, 3.000000e+02, 2.746081e-02, 1.514803e-21, 4.193704e-22, 2.265980e-01, 3.015810e-23
53.306613, 1.567195e+00, 6.335772e+02, 3.039750e+03, 3.000000e+02, 2.674031e-02, 1.422835e-21, 3.938839e-22, 2.267636e-01, 2.832616e-23
53.507014, 1.011518e+00, 5.950269e+02, 3.039750e+03, 3.000000e+02, 2.549977e-02, 1.315707e-21, 3.642061e-22, 2.270487e-01, 2.619264e-23
53.707415, 5.921511e-01, 5.383055e+02, 3.039750e+03, 3.000000e+02, 2.332910e-02, 1.174202e-21, 3.250188e-22, 2.275476e-01, 2.337498e-23
53.907816, 3.051653e-01, 4.478217e+02, 3.039750e+03, 3.000000e+02, 1.946496e-02, 9.620139e-22, 2.662747e-22, 2.284356e-01, 1.915054e-23
54.108216, 1.331314e-01, 3.098269e+02, 3.039750e+03, 3.000000e+02, 1.264237e-02, 6.175416e-22, 1.709241e-22, 2.300037e-01, 1.229306e-23
54.308617, 5.711639e-02, 1.303427e+02, 3.039750e+03, 3.000000e+02, 3.703318e-03, 1.797389e-22, 4.974767e-23, 2.320581e-01, 3.577937e-24
54.509018, 3.770539e-02, 2.043375e+01, 3.039750e+03, 3.000000e+02, 1.463687e-04, 7.081332e-24, 1.959938e-24, 2.328756e-01, 1.409626e-25
54.709419, 3.535428e-02, 1.685562e+00, 3.039750e+03, 3.000000e+02, 3.433477e-07, 1.658152e-26, 4.589336e-27, 2.329091e-01, 3.300747e-28
54.909820, 3.517339e-02, 1.247197e-01, 3.039750e+03, 3.000000e+02, 4.679772e-11, 2.257401e-30, 6.247885e-31, 2.329092e-01, 4.493616e-32
55.110220, 3.516016e-02, 9.140937e-03, 3.039750e+03, 3.000000e+02, 3.979031e-16, 1.917792e-35, 5.307929e-36, 2.329092e-01, 3.817583e-37
55.310621, 3.515919e-02, 6.690555e-04, 3.039750e+03, 3.000000e+02, 2.203473e-22, 1.061361e-41, 2.937556e-42, 2.329092e-01, 2.112758e-43
55.511022, 3.515912e-02, 4.892976e-05, 3.039750e+03, 3.000000e+02, 8.169857e-30, 3.933352e-49, 1.088642e-49, 2.329092e-01, 7.829772e-51
55.711423, 3.515911e-02, 3.575169e-06, 3.039750e+03, 3.000000e+02, 2.066695e-38, 9.946299e-58, 2.752856e-58, 2.329092e-01, 1.979920e-59
55.911824, 3.515911e-02, 2.609661e-07, 3.039750e+03, 3.000000e+02, 3.614870e-48, 1.739189e-67, 4.813584e-68, 2.329092e-01, 3.462046e-69
56.112224, 3.515911e-02, 1.902759e-08, 3.039750e+03, 3.000000e+02, 4.414404e-59, 2.123344e-78, 5.876813e-79, 2.329092e-01, 4.226746e-80
56.312625, 3.515911e-02, 1.385609e-09, 3.039750e+03, 3.000000e+02, 3.790565e-71, 1.822914e-90, 5.045306e-91, 2.329092e-01, 3.628692e-92
56.513026, 3.515911e-02, 1.007644e-10, 3.039750e+03, 3.000000e+02, 2.300522e-84, 1.106121e-103, 3.061519e-104, 2.329092e-01, 2.201916e-105
56.713427, 3.515911e-02, 7.316156e-12, 3.039750e+03, 3.000000e+02, 9.901546e-99, 4.759128e-118, 1.317661e-118, 2.329092e-01, 9.476062e-120
56.913828, 3.515911e-02, 5.291439e-13, 3.039750e+03, 3.000000e+02, 2.956962e-114, 1.438454e-133, 3.963000e-134, 2.329092e-01, 2.857588e-135
57.114228, 3.515911e-02, 4.002111e-14, 3.039750e+03, 3.000000e+02, 6.820068e-131, 3.430700e-150, 9.006555e-151, 2.329092e-01, 7.107908e-152
57.314629, 3.515911e-02, 9.162384e-16, 3.039750e+03, 3.000000e+02, -4.067959e-149, -1.429880e-167, -4.535443e-169, 2.329092e-01, -1.822524e-169
57.515030, 3.515911e-02, 0.000000e+00, 3.039750e+03, 3.000000e+02, -2.640349e-168, -9.280777e-187, -2.943774e-188, 2.329092e-01, -1.182927e-188
57.715431, 3.515911e-02, 0.000000e+00, 3.039750e+03, 3.000000e+02, 0.000000e+00, 0.000000e+00, 0.000000e+00, 2.329092e-01, 0.000000e+00
57.915832, 3.515911e-02, 0.000000e+00, 3.039750e+03, 3.000000e+02, 0.000000e+00, 0.000000e+00, 0.000000e+00, 2.329092e-01, 0.000000e+00
58.116232, 3.515911e-02, 0.000000e+00, 3.039750e+03, 3.000000e+02, 0.000000e+00, 0.000000e+00, 0.000000e+00, 2.329092e-01, 0.000000e+00
58.316633, 3.515911e-02, 0.000000e+00, 3.039750e+03, 3.000000e+02, 0.000000e+00, 0.000000e+00, 0.000000e+00, 2.329092e-01, 0.000000e+00
58.517034, 3.515911e-02, 0.000000e+00, 3.039750e+03, 3.000000e+02, 0.000000e+00, 0.000000e+00, 0.000000e+00, 2.329092e-01, 0.000000e+00
58.717435, 3.515911e-02, 0.000000e+00, 3.039750e+03, 3.000000e+02, 0.000000e+00, 0.000000e+00, 0.000000e+00, 2.329092e-01, 0.000000e+00
58.917836, 3.515911e-02, 0.000000e+00, 3.039750e+03, 3.000000e+02, 0.000000e+00, 0.000000e+00, 0.000000e+00, 2.329092e-01, 0.000000e+00
59.118236, 3.515911e-02, 0.000000e+00, 3.039750e+03, 3.000000e+02, 0.000000e+00, 0.000000e+00, 0.000000e+00, 2.329092e-01, 0.000000e+00
59.318637, 3.515911e-02, 0.000000e+00, 3.039750e+03, 3.000000e+02, 0.000000e+00, 0.000000e+00, 0.000000e+00, 2.329092e-01, 0.000000e+00
59.519038, 3.515911e-02, 0.000000e+00, 3.039750e+03, 3.000000e+02, 0.000000e+00, 0.000000e+00, 0.000000e+00, 2.329092e-01, 0.000000e+00
59.719439, 3.515911e-02, 0.000000e+00, 3.039750e+03, 3.000000e+02, 0.000000e+00, 0.000000e+00, 0.000000e+00, 2.329092e-01, 0.000000e+00
59.919840, 3.515911e-02, 0.000000e+00, 3.039750e+03, 3.000000e+02, 0.000000e+00, 0.000000e+00, 0.000000e+00, 2.329092e-01, 0.000000e+00
60.120240, 3.515911e-02, 0.000000e+00, 3.039750e+03, 3.000000e+02, 0.000000e+00, 0.000000e+00, 0.000000e+00, 2.329092e-01, 0.000000e+00
60.320641, 3.515911e-02, 0.000000e+00, 3.039750e+03, 3.000000e+02, 0.000000e+00, 0.000000e+00, 0.000000e+00, 2.329092e-01, 0.000000e+00
60.521042, 3.515911e-02, 0.000000e+00, 3.039750e+03, 3.000000e+02, 0.000000e+00, 0.000000e+00, 0.000000e+00, 2.329092e-01, 0.000000e+00
60.721443, 3.515911e-02, 0.000000e+00, 3.039750e+03, 3.000000e+02, 0.000000e+00, 0.000000e+00, 0.000000e+00, 2.329092e-01, 0.000000e+00
60.921844, 3.515911e-02, 0.000000e+00, 3.039750e+03, 3.000000e+02, 0.000000e+00, 0.000000e+00, 0.000000e+00, 2.329092e-01, 0.000000e+00
61.122244, 3.515911e-02, 0.000000e+00, 3.039750e+03, 3.000000e+02, 0.000000e+00, 0.000000e+00, 0.000000e+00, 2.329092e-01, 0.000000e+00
61.322645, 3.515911e-02, 0.000000e+00, 3.039750e+03, 3.000000e+02, 0.000000e+00, 0.000000e+00, 0.000000e+00, 2.329092e-01, 0.000000e+00
61.523046, 3.515911e-02, 0.000000e+00, 3.039750e+03, 3.000000e+02, 0.000000e+00, 0.000000e+00, 0.000000e+00, 2.329092e-01, 0.000000e+00
61.723447, 3.515911e-02, 0.000000e+00, 3.039750e+03, 3.000000e+02, 0.000000e+00, 0.000000e+00, 0.000000e+00, 2.329092e-01, 0.000000e+00
61.923848, 3.515911e-02, 0.000000e+00, 3.039750e+03, 3.000000e+02, 0.000000e+00, 0.000000e+00, 0.000000e+00, 2.329092e-01, 0.000000e+00
62.124248, 3.515911e-02, 0.000000e+00, 3.039750e+03, 3.000000e+02, 0.000000e+00, 0.000000e+00, 0.000000e+00, 2.329092e-01, 0.000000e+00
62.324649, 3.515911e-02, 0.000000e+00, 3.039750e+03, 3.000000e+02, 0.000000e+00, 0.000000e+00, 0.000000e+00, 2.329092e-01, 0.000000e+00
62.525050, 3.515911e-02, 0.000000e+00, 3.039750e+03, 3.000000e+02, 0.000000e+00, 0.000000e+00, 0.000000e+00, 2.329092e-01, 0.000000e+00
62.725451, 3.515911e-02, 0.000000e+00, 3.039750e+03, 3.000000e+02, 0.000000e+00, 0.000000e+00, 0.000000e+00, 2.329092e-01, 0.000000e+00
62.925852, 3.515911e-02, 0.000000e+00, 3.039750e+03, 3.000000e+02, 0.000000e+00, 0.000000e+00, 0.000000e+00, 2.329092e-01, 0.000000e+00
63.126253, 3.515911e-02, 0.000000e+00, 3.039750e+03, 3.000000e+02, 0.000000e+00, 0.000000e+00, 0.000000e+00, 2.329092e-01, 0.000000e+00
63.326653, 3.515911e-02, 0.000000e+00, 3.039750e+03, 3.000000e+02, 0.000000e+00, 0.000000e+00, 0.000000e+00, 2.329092e-01, 0.000000e+00
63.527054, 3.515911e-02, 0.000000e+00, 3.039750e+03, 3.000000e+02, 0.000000e+00, 0.000000e+00, 0.000000e+00, 2.329092e-01, 0.000000e+00
63.727455, 3.515911e-02, 0.000000e+00, 3.039750e+03, 3.000000e+02, 0.000000e+00, 0.000000e+00, 0.000000e+00, 2.329092e-01, 0.000000e+00
63.927856, 3.515911e-02, 0.000000e+00, 3.039750e+03, 3.000000e+02, 0.000000e+00, 0.000000e+00, 0.000000e+00, 2.329092e-01, 0.000000e+00
64.128257, 3.515911e-02, 0.000000e+00, 3.039750e+03, 3.000000e+02, 0.000000e+00, 0.000000e+00, 0.000000e+00, 2.329092e-01, 0.000000e+00
64.328657, 3.515911e-02, 0.000000e+00, 3.039750e+03, 3.000000e+02, 0.000000e+00, 0.000000e+00, 0.000000e+00, 2.329092e-01, 0.000000e+00
64.529058, 3.515911e-02, 0.000000e+00, 3.039750e+03, 3.000000e+02, 0.000000e+00, 0.000000e+00, 0.000000e+00, 2.329092e-01, 0.000000e+00
64.729459, 3.515911e-02, 0.000000e+00, 3.039750e+03, 3.000000e+02, 0.000000e+00, 0.000000e+00, 0.000000e+00, 2.329092e-01, 0.000000e+00
64.929860, 3.515911e-02, 0.000000e+00, 3.039750e+03, 3.000000e+02, 0.000000e+00, 0.000000e+00, 0.000000e+00, 2.329092e-01, 0.000000e+00
65.130261, 3.515911e-02, 0.000000e+00, 3.039750e+03, 3.000000e+02, 0.000000e+00, 0.000000e+00, 0.000000e+00, 2.329092e-01, 0.000000e+00
65.330661, 3.515911e-02, 0.000000e+00, 3.039750e+03, 3.000000e+02, 0.000000e+00, 0.000000e+00, 0.000000e+00, 2.329092e-01, 0.000000e+00
65.531062, 3.515911e-02, 0.000000e+00, 3.039750e+03, 3.000000e+02, 0.000000e+00, 0.000000e+00, 0.000000e+00, 2.329092e-01, 0.000000e+00
65.731463, 3.515911e-02, 0.000000e+00, 3.039750e+03, 3.000000e+02, 0.000000e+00, 0.000000e+00, 0.000000e+00, 2.329092e-01, 0.000000e+00
65.931864, 3.515911e-02, 0.000000e+00, 3.039750e+03, 3.000000e+02, 0.000000e+00, 0.000000e+00, 0.000000e+00, 2.329092e-01, 0.000000e+00
66.132265, 3.515911e-02, 0.000000e+00, 3.039750e+03, 3.000000e+02, 0.000000e+00, 0.000000e+00, 0.000000e+00, 2.329092e-01, 0.000000e+00
66.332665, 3.515911e-02, 0.000000e+00, 3.039750e+03, 3.000000e+02, 0.000000e+00, 0.000000e+00, 0.000000e+00, 2.329092e-01, 0.000000e+00
66.533066, 3.515911e-02, 0.000000e+00, 3.039750e+03, 3.000000e+02, 0.000000e+00, 0.000000e+00, 0.000000e+00, 2.329092e-01, 0.000000e+00
66.733467, 3.515911e-02, 0.000000e+00, 3.039750e+03, 3.000000e+02, 0.000000e+00, 0.000000e+00, 0.000000e+00, 2.329092e-01, 0.000000e+00
66.933868, 3.515911e-02, 0.000000e+00, 3.039750e+03, 3.000000e+02, 0.000000e+00, 0.000000e+00, 0.000000e+00, 2.329092e-01, 0.000000e+00
67.134269, 3.515911e-02, 0.000000e+00, 3.039750e+03, 3.000000e+02, 0.000000e+00, 0.000000e+00, 0.000000e+00, 2.329092e-01, 0.000000e+00
67.334669, 3.515911e-02, 0.000000e+00, 3.039750e+03, 3.000000e+02, 0.000000e+00, 0.000000e+00, 0.000000e+00, 2.329092e-01, 0.000000e+00
67.535070, 3.515911e-02, 0.000000e+00, 3.039750e+03, 3.000000e+02, 0.000000e+00, 0.000000e+00, 0.000000e+00, 2.329092e-01, 0.000000e+00
67.735471, 3.515911e-02, 0.000000e+00, 3.039750e+03, 3.000000e+02, 0.000000e+00, 0.000000e+00, 0.000000e+00, 2.329092e-01, 0.000000e+00
67.935872, 3.515911e-02, 0.000000e+00, 3.039750e+03, 3.000000e+02, 0.000000e+00, 0.000000e+00, 0.000000e+00, 2.329092e-01, 0.000000e+00
68.136273, 3.515911e-02, 0.000000e+00, 3.039750e+03, 3.000000e+02, 0.000000e+00, 0.000000e+00, 0.000000e+00, 2.329092e-01, 0.000000e+00
68.336673, 3.515911e-02, 0.000000e+00, 3.039750e+03, 3.000000e+02, 0.000000e+00, 0.000000e+00, 0.000000e+00, 2.329092e-01, 0.000000e+00
68.537074, 3.515911e-02, 0.000000e+00, 3.039750e+03, 3.000000e+02, 0.000000e+00, 0.000000e+00, 0.000000e+00, 2.329092e-01, 0.000000e+00
68.737475, 3.515911e-02, 0.000000e+00, 3.039750e+03, 3.000000e+02, 0.000000e+00, 0.000000e+00, 0.000000e+00, 2.329092e-01, 0.000000e+00
68.937876, 3.515911e-02, 0.000000e+00, 3.039750e+03, 3.000000e+02, 0.000000e+00, 0.000000e+00, 0.000000e+00, 2.329092e-01, 0.000000e+00
69.138277, 3.515911e-02, 0.000000e+00, 3.039750e+03, 3.000000e+02, 0.000000e+00, 0.000000e+00, 0.000000e+00, 2.329092e-01, 0.000000e+00
69.338677, 3.515911e-02, 0.000000e+00, 3.039750e+03, 3.000000e+02, 0.000000e+00, 0.000000e+00, 0.000000e+00, 2.329092e-01, 0.000000e+00
69.539078, 3.515911e-02, 0.000000e+00, 3.039750e+03, 3.000000e+02, 0.000000e+00, 0.000000e+00, 0.000000e+00, 2.329092e-01, 0.000000e+00
69.739479, 3.515911e-02, 0.000000e+00, 3.039750e+03, 3.000000e+02, 0.000000e+00, 0.000000e+00, 0.000000e+00, 2.329092e-01, 0.000000e+00
69.939880, 3.515911e-02, 0.000000e+00, 3.039750e+03, 3.000000e+02, 0.000000e+00, 0.000000e+00, 0.000000e+00, 2.329092e-01, 0.000000e+00
70.140281, 3.515911e-02, 0.000000e+00, 3.039750e+03, 3.000000e+02, 0.000000e+00, 0.000000e+00, 0.000000e+00, 2.329092e-01, 0.000000e+00
70.340681, 3.515911e-02, 0.000000e+00, 3.039750e+03, 3.000000e+02, 0.000000e+00, 0.000000e+00, 0.000000e+00, 2.329092e-01, 0.000000e+00
70.541082, 3.515911e-02, 0.000000e+00, 3.039750e+03, 3.000000e+02, 0.000000e+00, 0.000000e+00, 0.000000e+00, 2.329092e-01, 0.000000e+00
70.741483, 3.515911e-02, 0.000000e+00, 3.039750e+03, 3.000000e+02, 0.000000e+00, 0.000000e+00, 0.000000e+00, 2.329092e-01, 0.000000e+00
70.941884, 3.515911e-02, 0.000000e+00, 3.039750e+03, 3.000000e+02, 0.000000e+00, 0.000000e+00, 0.000000e+00, 2.329092e-01, 0.000000e+00
71.142285, 3.515911e-02, 0.000000e+00, 3.039750e+03, 3.000000e+02, 0.000000e+00, 0.000000e+00, 0.000000e+00, 2.329092e-01, 0.000000e+00
71.342685, 3.515911e-02, 0.000000e+00, 3.039750e+03, 3.000000e+02, 0.000000e+00, 0.000000e+00, 0.000000e+00, 2.329092e-01, 0.000000e+00
71.543086, 3.515911e-02, 0.000000e+00, 3.039750e+03, 3.000000e+02, 0.000000e+00, 0.000000e+00, 0.000000e+00, 2.329092e-01, 0.000000e+00
71.743487, 3.515911e-02, 0.000000e+00, 3.039750e+03, 3.000000e+02, 0.000000e+00, 0.000000e+00, 0.000000e+00, 2.329092e-01, 0.000000e+00
71.943888, 3.515911e-02, 0.000000e+00, 3.039750e+03, 3.000000e+02, 0.000000e+00, 0.000000e+00, 0.000000e+00, 2.329092e-01, 0.000000e+00
72.144289, 3.515911e-02, 0.000000e+00, 3.039750e+03, 3.000000e+02, 0.000000e+00, 0.000000e+00, 0.000000e+00, 2.329092e-01, 0.000000e+00
72.344689, 3.515911e-02, 0.000000e+00, 3.039750e+03, 3.000000e+02, 0.000000e+00, 0.000000e+00, 0.000000e+00, 2.329092e-01, 0.000000e+00
72.545090, 3.515911e-02, 0.000000e+00, 3.039750e+03, 3.000000e+02, 0.000000e+00, 0.000000e+00, 0.000000e+00, 2.329092e-01, 0.000000e+00
72.745491, 3.515911e-02, 0.000000e+00, 3.039750e+03, 3.000000e+02, 0.000000e+00, 0.000000e+00, 0.000000e+00, 2.329092e-01, 0.000000e+00
72.945892, 3.515911e-02, 0.000000e+00, 3.039750e+03, 3.000000e+02, 0.000000e+00, 0.000000e+00, 0.000000e+00, 2.329092e-01, 0.000000e+00
73.146293, 3.515911e-02, 0.000000e+00, 3.039750e+03, 3.000000e+02, 0.000000e+00, 0.000000e+00, 0.000000e+00, 2.329092e-01, 0.000000e+00
73.346693, 3.515911e-02, 0.000000e+00, 3.039750e+03, 3.000000e+02, 0.000000e+00, 0.000000e+00, 0.000000e+00, 2.329092e-01, 0.000000e+00
73.547094, 3.515911e-02, 0.000000e+00, 3.039750e+03, 3.000000e+02, 0.000000e+00, 0.000000e+00, 0.000000e+00, 2.329092e-01, 0.000000e+00
73.747495, 3.515911e-02, 0.000000e+00, 3.039750e+03, 3.000000e+02, 0.000000e+00, 0.000000e+00, 0.000000e+00, 2.329092e-01, 0.000000e+00
73.947896, 3.515911e-02, 0.000000e+00, 3.039750e+03, 3.000000e+02, 0.000000e+00, 0.000000e+00, 0.000000e+00, 2.329092e-01, 0.000000e+00
74.148297, 3.515911e-02, 0.000000e+00, 3.039750e+03, 3.000000e+02, 0.000000e+00, 0.000000e+00, 0.000000e+00, 2.329092e-01, 0.000000e+00
74.348697, 3.515911e-02, 0.000000e+00, 3.039750e+03, 3.000000e+02, 0.000000e+00, 0.000000e+00, 0.000000e+00, 2.329092e-01, 0.000000e+00
74.549098, 3.515911e-02, 0.000000e+00, 3.039750e+03, 3.000000e+02, 0.000000e+00, 0.000000e+00, 0.000000e+00, 2.329092e-01, 0.000000e+00
74.749499, 3.515911e-02, 0.000000e+00, 3.039750e+03, 3.000000e+02, 0.000000e+00, 0.000000e+00, 0.000000e+00, 2.329092e-01, 0.000000e+00
74.949900, 3.515911e-02, 0.000000e+00, 3.039750e+03, 3.000000e+02, 0.000000e+00, 0.000000e+00, 0.000000e+00, 2.329092e-01, 0.000000e+00
75.150301, 3.515911e-02, 0.000000e+00, 3.039750e+03, 3.000000e+02, 0.000000e+00, 0.000000e+00, 0.000000e+00, 2.329092e-01, 0.000000e+00
75.350701, 3.515911e-02, 0.000000e+00, 3.039750e+03, 3.000000e+02, 0.000000e+00, 0.000000e+00, 0.000000e+00, 2.329092e-01, 0.000000e+00
75.551102, 3.515911e-02, 0.000000e+00, 3.039750e+03, 3.000000e+02, 0.000000e+00, 0.000000e+00, 0.000000e+00, 2.329092e-01, 0.000000e+00
75.751503, 3.515911e-02, 0.000000e+00, 3.039750e+03, 3.000000e+02, 0.000000e+00, 0.000000e+00, 0.000000e+00, 2.329092e-01, 0.000000e+00
75.951904, 3.515911e-02, 0.000000e+00, 3.039750e+03, 3.000000e+02, 0.000000e+00, 0.000000e+00, 0.000000e+00, 2.329092e-01, 0.000000e+00
76.152305, 3.515911e-02, 0.000000e+00, 3.039750e+03, 3.000000e+02, 0.000000e+00, 0.000000e+00, 0.000000e+00, 2.329092e-01, 0.000000e+00
76.352705, 3.515911e-02, 0.000000e+00, 3.039750e+03, 3.000000e+02, 0.000000e+00, 0.000000e+00, 0.000000e+00, 2.329092e-01, 0.000000e+00
76.553106, 3.515911e-02, 0.000000e+00, 3.039750e+03, 3.000000e+02, 0.000000e+00, 0.000000e+00, 0.000000e+00, 2.329092e-01, 0.000000e+00
76.753507, 3.515911e-02, 0.000000e+00, 3.039750e+03, 3.000000e+02, 0.000000e+00, 0.000000e+00, 0.000000e+00, 2.329092e-01, 0.000000e+00
76.953908, 3.515911e-02, 0.000000e+00, 3.039750e+03, 3.000000e+02, 0.000000e+00, 0.000000e+00, 0.000000e+00, 2.329092e-01, 0.000000e+00
77.154309, 3.515911e-02, 0.000000e+00, 3.039750e+03, 3.000000e+02, 0.000000e+00, 0.000000e+00, 0.000000e+00, 2.329092e-01, 0.000000e+00
77.354709, 3.515911e-02, 0.000000e+00, 3.039750e+03, 3.000000e+02, 0.000000e+00, 0.000000e+00, 0.000000e+00, 2.329092e-01, 0.000000e+00
77.555110, 3.515911e-02, 0.000000e+00, 3.039750e+03, 3.000000e+02, 0.000000e+00, 0.000000e+00, 0.000000e+00, 2.329092e-01, 0.000000e+00
77.755511, 3.515911e-02, 0.000000e+00, 3.039750e+03, 3.000000e+02, 0.000000e+00, 0.000000e+00, 0.000000e+00, 2.329092e-01, 0.000000e+00
77.955912, 3.515911e-02, 0.000000e+00, 3.039750e+03, 3.000000e+02, 0.000000e+00, 0.000000e+00, 0.000000e+00, 2.329092e-01, 0.000000e+00
78.156313, 3.515911e-02, 0.000000e+00, 3.039750e+03, 3.000000e+02, 0.000000e+00, 0.000000e+00, 0.000000e+00, 2.329092e-01, 0.000000e+00
78.356713, 3.515911e-02, 0.000000e+00, 3.039750e+03, 3.000000e+02, 0.000000e+00, 0.000000e+00, 0.000000e+00, 2.329092e-01, 0.000000e+00
78.557114, 3.515911e-02, 0.000000e+00, 3.039750e+03, 3.000000e+02, 0.000000e+00, 0.000000e+00, 0.000000e+00, 2.329092e-01, 0.000000e+00
78.757515, 3.515911e-02, 0.000000e+00, 3.039750e+03, 3.000000e+02, 0.000000e+00, 0.000000e+00, 0.000000e+00, 2.329092e-01, 0.000000e+00
78.957916, 3.515911e-02, 0.000000e+00, 3.039750e+03, 3.000000e+02, 0.000000e+00, 0.000000e+00, 0.000000e+00, 2.329092e-01, 0.000000e+00
79.158317, 3.515911e-02, 0.000000e+00, 3.039750e+03, 3.000000e+02, 0.000000e+00, 0.000000e+00, 0.000000e+00, 2.329092e-01, 0.000000e+00
79.358717, 3.515911e-02, 0.000000e+00, 3.039750e+03, 3.000000e+02, 0.000000e+00, 0.000000e+00, 0.000000e+00, 2.329092e-01, 0.000000e+00
79.559118, 3.515911e-02, 0.000000e+00, 3.039750e+03, 3.000000e+02, 0.000000e+00, 0.000000e+00, 0.000000e+00, 2.329092e-01, 0.000000e+00
79.759519, 3.515911e-02, 0.000000e+00, 3.039750e+03, 3.000000e+02, 0.000000e+00, 0.000000e+00, 0.000000e+00, 2.329092e-01, 0.000000e+00
79.959920, 3.515911e-02, 0.000000e+00, 3.039750e+03, 3.000000e+02, 0.000000e+00, 0.000000e+00, 0.000000e+00, 2.329092e-01, 0.000000e+00
80.160321, 3.515911e-02, 0.000000e+00, 3.039750e+03, 3.000000e+02, 0.000000e+00, 0.000000e+00, 0.000000e+00, 2.329092e-01, 0.000000e+00
80.360721, 3.515911e-02, 0.000000e+00, 3.039750e+03, 3.000000e+02, 0.000000e+00, 0.000000e+00, 0.000000e+00, 2.329092e-01, 0.000000e+00
80.561122, 3.515911e-02, 0.000000e+00, 3.039750e+03, 3.000000e+02, 0.000000e+00, 0.000000e+00, 0.000000e+00, 2.329092e-01, 0.000000e+00
80.761523, 3.515911e-02, 0.000000e+00, 3.039750e+03, 3.000000e+02, 0.000000e+00, 0.000000e+00, 0.000000e+00, 2.329092e-01, 0.000000e+00
80.961924, 3.515911e-02, 0.000000e+00, 3.039750e+03, 3.000000e+02, 0.000000e+00, 0.000000e+00, 0.000000e+00, 2.329092e-01, 0.000000e+00
81.162325, 3.515911e-02, 0.000000e+00, 3.039750e+03, 3.000000e+02, 0.000000e+00, 0.000000e+00, 0.000000e+00, 2.329092e-01, 0.000000e+00
81.362725, 3.515911e-02, 0.000000e+00, 3.039750e+03, 3.000000e+02, 0.000000e+00, 0.000000e+00, 0.000000e+00, 2.329092e-01, 0.000000e+00
81.563126, 3.515911e-02, 0.000000e+00, 3.039750e+03, 3.000000e+02, 0.000000e+00, 0.000000e+00, 0.000000e+00, 2.329092e-01, 0.000000e+00
81.763527, 3.515911e-02, 0.000000e+00, 3.039750e+03, 3.000000e+02, 0.000000e+00, 0.000000e+00, 0.000000e+00, 2.329092e-01, 0.000000e+00
81.963928, 3.515911e-02, 0.000000e+00, 3.039750e+03, 3.000000e+02, 0.000000e+00, 0.000000e+00, 0.000000e+00, 2.329092e-01, 0.000000e+00
82.164329, 3.515911e-02, 0.000000e+00, 3.039750e+03, 3.000000e+02, 0.000000e+00, 0.000000e+00, 0.000000e+00, 2.329092e-01, 0.000000e+00
82.364729, 3.515911e-02, 0.000000e+00, 3.039750e+03, 3.000000e+02, 0.000000e+00, 0.000000e+00, 0.000000e+00, 2.329092e-01, 0.000000e+00
82.565130, 3.515911e-02, 0.000000e+00, 3.039750e+03, 3.000000e+02, 0.000000e+00, 0.000000e+00, 0.000000e+00, 2.329092e-01, 0.000000e+00
82.765531, 3.515911e-02, 0.000000e+00, 3.039750e+03, 3.000000e+02, 0.000000e+00, 0.000000e+00, 0.000000e+00, 2.329092e-01, 0.000000e+00
82.965932, 3.515911e-02, 0.000000e+00, 3.039750e+03, 3.000000e+02, 0.000000e+00, 0.000000e+00, 0.000000e+00, 2.329092e-01, 0.000000e+00
83.166333, 3.515911e-02, 0.000000e+00, 3.039750e+03, 3.000000e+02, 0.000000e+00, 0.000000e+00, 0.000000e+00, 2.329092e-01, 0.000000e+00
83.366733, 3.515911e-02, 0.000000e+00, 3.039750e+03, 3.000000e+02, 0.000000e+00, 0.000000e+00, 0.000000e+00, 2.329092e-01, 0.000000e+00
83.567134, 3.515911e-02, 0.000000e+00, 3.039750e+03, 3.000000e+02, 0.000000e+00, 0.000000e+00, 0.000000e+00, 2.329092e-01, 0.000000e+00
83.767535, 3.515911e-02, 0.000000e+00, 3.039750e+03, 3.000000e+02, 0.000000e+00, 0.000000e+00, 0.000000e+00, 2.329092e-01, 0.000000e+00
83.967936, 3.515911e-02, 0.000000e+00, 3.039750e+03, 3.000000e+02, 0.000000e+00, 0.000000e+00, 0.000000e+00, 2.329092e-01, 0.000000e+00
84.168337, 3.515911e-02, 0.000000e+00, 3.039750e+03, 3.000000e+02, 0.000000e+00, 0.000000e+00, 0.000000e+00, 2.329092e-01, 0.000000e+00
84.368737, 3.515911e-02, 0.000000e+00, 3.039750e+03, 3.000000e+02, 0.000000e+00, 0.000000e+00, 0.000000e+00, 2.329092e-01, 0.000000e+00
84.569138, 3.515911e-02, 0.000000e+00, 3.039750e+03, 3.000000e+02, 0.000000e+00, 0.000000e+00, 0.000000e+00, 2.329092e-01, 0.000000e+00
84.769539, 3.515911e-02, 0.000000e+00, 3.039750e+03, 3.000000e+02, 0.000000e+00, 0.000000e+00, 0.000000e+00, 2.329092e-01, 0.000000e+00
84.969940, 3.515911e-02, 0.000000e+00, 3.039750e+03, 3.000000e+02, 0.000000e+00, 0.000000e+00, 0.000000e+00, 2.329092e-01, 0.000000e+00
85.170341, 3.515911e-02, 0.000000e+00, 3.039750e+03, 3.000000e+02, 0.000000e+00, 0.000000e+00, 0.000000e+00, 2.329092e-01, 0.000000e+00
85.370741, 3.515911e-02, 0.000000e+00, 3.039750e+03, 3.000000e+02, 0.000000e+00, 0.000000e+00, 0.000000e+00, 2.329092e-01, 0.000000e+00
85.571142, 3.515911e-02, 0.000000e+00, 3.039750e+03, 3.000000e+02, 0.000000e+00, 0.000000e+00, 0.000000e+00, 2.329092e-01, 0.000000e+00
85.771543, 3.515911e-02, 0.000000e+00, 3.039750e+03, 3.000000e+02, 0.000000e+00, 0.000000e+00, 0.000000e+00, 2.329092e-01, 0.000000e+00
85.971944, 3.515911e-02, 0.000000e+00, 3.039750e+03, 3.000000e+02, 0.000000e+00, 0.000000e+00, 0.000000e+00, 2.329092e-01, 0.000000e+00
86.172345, 3.515911e-02, 0.000000e+00, 3.039750e+03, 3.000000e+02, 0.000000e+00, 0.000000e+00, 0.000000e+00, 2.329092e-01, 0.000000e+00
86.372745, 3.515911e-02, 0.000000e+00, 3.039750e+03, 3.000000e+02, 0.000000e+00, 0.000000e+00, 0.000000e+00, 2.329092e-01, 0.000000e+00
86.573146, 3.515911e-02, 0.000000e+00, 3.039750e+03, 3.000000e+02, 0.000000e+00, 0.000000e+00, 0.000000e+00, 2.329092e-01, 0.000000e+00
86.773547, 3.515911e-02, 0.000000e+00, 3.039750e+03, 3.000000e+02, 0.000000e+00, 0.000000e+00, 0.000000e+00, 2.329092e-01, 0.000000e+00
86.973948, 3.515911e-02, 0.000000e+00, 3.039750e+03, 3.000000e+02, 0.000000e+00, 0.000000e+00, 0.000000e+00, 2.329092e-01, 0.000000e+00
87.174349, 3.515911e-02, 0.000000e+00, 3.039750e+03, 3.000000e+02, 0.000000e+00, 0.000000e+00, 0.000000e+00, 2.329092e-01, 0.000000e+00
87.374749, 3.515911e-02, 0.000000e+00, 3.039750e+03, 3.000000e+02, 0.000000e+00, 0.000000e+00, 0.000000e+00, 2.329092e-01, 0.000000e+00
87.575150, 3.515911e-02, 0.000000e+00, 3.039750e+03, 3.000000e+02, 0.000000e+00, 0.000000e+00, 0.000000e+00, 2.329092e-01, 0.000000e+00
87.775551, 3.515911e-02, 0.000000e+00, 3.039750e+03, 3.000000e+02, 0.000000e+00, 0.000000e+00, 0.000000e+00, 2.329092e-01, 0.000000e+00
87.975952, 3.515911e-02, 0.000000e+00, 3.039750e+03, 3.000000e+02, 0.000000e+00, 0.000000e+00, 0.000000e+00, 2.329092e-01, 0.000000e+00
88.176353, 3.515911e-02, 0.000000e+00, 3.039750e+03, 3.000000e+02, 0.000000e+00, 0.000000e+00, 0.000000e+00, 2.329092e-01, 0.000000e+00
88.376754, 3.515911e-02, 0.000000e+00, 3.039750e+03, 3.000000e+02, 0.000000e+00, 0.000000e+00, 0.000000e+00, 2.329092e-01, 0.000000e+00
88.577154, 3.515911e-02, 0.000000e+00, 3.039750e+03, 3.000000e+02, 0.000000e+00, 0.000000e+00, 0.000000e+00, 2.329092e-01, 0.000000e+00
88.777555, 3.515911e-02, 0.000000e+00, 3.039750e+03, 3.000000e+02, 0.000000e+00, 0.000000e+00, 0.000000e+00, 2.329092e-01, 0.000000e+00
88.977956, 3.515911e-02, 0.000000e+00, 3.039750e+03, 3.000000e+02, 0.000000e+00, 0.000000e+00, 0.000000e+00, 2.329092e-01, 0.000000e+00
89.178357, 3.515911e-02, 0.000000e+00, 3.039750e+03, 3.000000e+02, 0.000000e+00, 0.000000e+00, 0.000000e+00, 2.329092e-01, 0.000000e+00
89.378758, 3.515911e-02, 0.000000e+00, 3.039750e+03, 3.000000e+02, 0.000000e+00, 0.000000e+00, 0.000000e+00, 2.329092e-01, 0.000000e+00
89.579158, 3.515911e-02, 0.000000e+00, 3.039750e+03, 3.000000e+02, 0.000000e+00, 0.000000e+00, 0.000000e+00, 2.329092e-01, 0.000000e+00
89.779559, 3.515911e-02, 0.000000e+00, 3.039750e+03, 3.000000e+02, 0.000000e+00, 0.000000e+00, 0.000000e+00, 2.329092e-01, 0.000000e+00
89.979960, 3.515911e-02, 0.000000e+00, 3.039750e+03, 3.000000e+02, 0.000000e+00, 0.000000e+00, 0.000000e+00, 2.329092e-01, 0.000000e+00
90.180361, 3.515911e-02, 0.000000e+00, 3.039750e+03, 3.000000e+02, 0.000000e+00, 0.000000e+00, 0.000000e+00, 2.329092e-01, 0.000000e+00
90.380762, 3.515911e-02, 0.000000e+00, 3.039750e+03, 3.000000e+02, 0.000000e+00, 0.000000e+00, 0.000000e+00, 2.329092e-01, 0.000000e+00
90.581162, 3.515911e-02, 0.000000e+00, 3.039750e+03, 3.000000e+02, 0.000000e+00, 0.000000e+00, 0.000000e+00, 2.329092e-01, 0.000000e+00
90.781563, 3.515911e-02, 0.000000e+00, 3.039750e+03, 3.000000e+02, 0.000000e+00, 0.000000e+00, 0.000000e+00, 2.329092e-01, 0.000000e+00
90.981964, 3.515911e-02, 0.000000e+00, 3.039750e+03, 3.000000e+02, 0.000000e+00, 0.000000e+00, 0.000000e+00, 2.329092e-01, 0.000000e+00
91.182365, 3.515911e-02, 0.000000e+00, 3.039750e+03, 3.000000e+02, 0.000000e+00, 0.000000e+00, 0.000000e+00, 2.329092e-01, 0.000000e+00
91.382766, 3.515911e-02, 0.000000e+00, 3.039750e+03, 3.000000e+02, 0.000000e+00, 0.000000e+00, 0.000000e+00, 2.329092e-01, 0.000000e+00
91.583166, 3.515911e-02, 0.000000e+00, 3.039750e+03, 3.000000e+02, 0.000000e+00, 0.000000e+00, 0.000000e+00, 2.329092e-01, 0.000000e+00
91.783567, 3.515911e-02, 0.000000e+00, 3.039750e+03, 3.000000e+02, 0.000000e+00, 0.000000e+00, 0.000000e+00, 2.329092e-01, 0.000000e+00
91.983968, 3.515911e-02, 0.000000e+00, 3.039750e+03, 3.000000e+02, 0.000000e+00, 0.000000e+00, 0.000000e+00, 2.329092e-01, 0.000000e+00
92.184369, 3.515911e-02, 0.000000e+00, 3.039750e+03, 3.000000e+02, 0.000000e+00, 0.000000e+00, 0.000000e+00, 2.329092e-01, 0.000000e+00
92.384770, 3.515911e-02, 0.000000e+00, 3.039750e+03, 3.000000e+02, 0.000000e+00, 0.000000e+00, 0.000000e+00, 2.329092e-01, 0.000000e+00
92.585170, 3.515911e-02, 0.000000e+00, 3.039750e+03, 3.000000e+02, 0.000000e+00, 0.000000e+00, 0.000000e+00, 2.329092e-01, 0.000000e+00
92.785571, 3.515911e-02, 0.000000e+00, 3.039750e+03, 3.000000e+02, 0.000000e+00, 0.000000e+00, 0.000000e+00, 2.329092e-01, 0.000000e+00
92.985972, 3.515911e-02, 0.000000e+00, 3.039750e+03, 3.000000e+02, 0.000000e+00, 0.000000e+00, 0.000000e+00, 2.329092e-01, 0.000000e+00
93.186373, 3.515911e-02, 0.000000e+00, 3.039750e+03, 3.000000e+02, 0.000000e+00, 0.000000e+00, 0.000000e+00, 2.329092e-01, 0.000000e+00
93.386774, 3.515911e-02, 0.000000e+00, 3.039750e+03, 3.000000e+02, 0.000000e+00, 0.000000e+00, 0.000000e+00, 2.329092e-01, 0.000000e+00
93.587174, 3.515911e-02, 0.000000e+00, 3.039750e+03, 3.000000e+02, 0.000000e+00, 0.000000e+00, 0.000000e+00, 2.329092e-01, 0.000000e+00
93.787575, 3.515911e-02, 0.000000e+00, 3.039750e+03, 3.000000e+02, 0.000000e+00, 0.000000e+00, 0.000000e+00, 2.329092e-01, 0.000000e+00
93.987976, 3.515911e-02, 0.000000e+00, 3.039750e+03, 3.000000e+02, 0.000000e+00, 0.000000e+00, 0.000000e+00, 2.329092e-01, 0.000000e+00
94.188377, 3.515911e-02, 0.000000e+00, 3.039750e+03, 3.000000e+02, 0.000000e+00, 0.000000e+00, 0.000000e+00, 2.329092e-01, 0.000000e+00
94.388778, 3.515911e-02, 0.000000e+00, 3.039750e+03, 3.000000e+02, 0.000000e+00, 0.000000e+00, 0.000000e+00, 2.329092e-01, 0.000000e+00
94.589178, 3.515911e-02, 0.000000e+00, 3.039750e+03, 3.000000e+02, 0.000000e+00, 0.000000e+00, 0.000000e+00, 2.329092e-01, 0.000000e+00
94.789579, 3.515911e-02, 0.000000e+00, 3.039750e+03, 3.000000e+02, 0.000000e+00, 0.000000e+00, 0.000000e+00, 2.329092e-01, 0.000000e+00
94.989980, 3.515911e-02, 0.000000e+00, 3.039750e+03, 3.000000e+02, 0.000000e+00, 0.000000e+00, 0.000000e+00, 2.329092e-01, 0.000000e+00
95.190381, 3.515911e-02, 0.000000e+00, 3.039750e+03, 3.000000e+02, 0.000000e+00, 0.000000e+00, 0.000000e+00, 2.329092e-01, 0.000000e+00
95.390782, 3.515911e-02, 0.000000e+00, 3.039750e+03, 3.000000e+02, 0.000000e+00, 0.000000e+00, 0.000000e+00, 2.329092e-01, 0.000000e+00
95.591182, 3.515911e-02, 0.000000e+00, 3.039750e+03, 3.000000e+02, 0.000000e+00, 0.000000e+00, 0.000000e+00, 2.329092e-01, 0.000000e+00
95.791583, 3.515911e-02, 0.000000e+00, 3.039750e+03, 3.000000e+02, 0.000000e+00, 0.000000e+00, 0.000000e+00, 2.329092e-01, 0.000000e+00
95.991984, 3.515911e-02, 0.000000e+00, 3.039750e+03, 3.000000e+02, 0.000000e+00, 0.000000e+00, 0.000000e+00, 2.329092e-01, 0.000000e+00
96.192385, 3.515911e-02, 0.000000e+00, 3.039750e+03, 3.000000e+02, 0.000000e+00, 0.000000e+00, 0.000000e+00, 2.329092e-01, 0.000000e+00
96.392786, 3.515911e-02, 0.000000e+00, 3.039750e+03, 3.000000e+02, 0.000000e+00, 0.000000e+00, 0.000000e+00, 2.329092e-01, 0.000000e+00
96.593186, 3.515911e-02, 0.000000e+00, 3.039750e+03, 3.000000e+02, 0.000000e+00, 0.000000e+00, 0.000000e+00, 2.329092e-01, 0.000000e+00
96.793587, 3.515911e-02, 0.000000e+00, 3.039750e+03, 3.000000e+02, 0.000000e+00, 0.000000e+00, 0.000000e+00, 2.329092e-01, 0.000000e+00
96.993988, 3.515911e-02, 0.000000e+00, 3.039750e+03, 3.000000e+02, 0.000000e+00, 0.000000e+00, 0.000000e+00, 2.329092e-01, 0.000000e+00
97.194389, 3.515911e-02, 0.000000e+00, 3.039750e+03, 3.000000e+02, 0.000000e+00, 0.000000e+00, 0.000000e+00, 2.329092e-01, 0.000000e+00
97.394790, 3.515911e-02, 0.000000e+00, 3.039750e+03, 3.000000e+02, 0.000000e+00, 0.000000e+00, 0.000000e+00, 2.329092e-01, 0.000000e+00
97.595190, 3.515911e-02, 0.000000e+00, 3.039750e+03, 3.000000e+02, 0.000000e+00, 0.000000e+00, 0.000000e+00, 2.329092e-01, 0.000000e+00
97.795591, 3.515911e-02, 0.000000e+00, 3.039750e+03, 3.000000e+02, 0.000000e+00, 0.000000e+00, 0.000000e+00, 2.329092e-01, 0.000000e+00
97.995992, 3.515911e-02, 0.000000e+00, 3.039750e+03, 3.000000e+02, 0.000000e+00, 0.000000e+00, 0.000000e+00, 2.329092e-01, 0.000000e+00
98.196393, 3.515911e-02, 0.000000e+00, 3.039750e+03, 3.000000e+02, 0.000000e+00, 0.000000e+00, 0.000000e+00, 2.329092e-01, 0.000000e+00
98.396794, 3.515911e-02, 0.000000e+00, 3.039750e+03, 3.000000e+02, 0.000000e+00, 0.000000e+00, 0.000000e+00, 2.329092e-01, 0.000000e+00
98.597194, 3.515911e-02, 0.000000e+00, 3.039750e+03, 3.000000e+02, 0.000000e+00, 0.000000e+00, 0.000000e+00, 2.329092e-01, 0.000000e+00
98.797595, 3.515911e-02, 0.000000e+00, 3.039750e+03, 3.000000e+02, 0.000000e+00, 0.000000e+00, 0.000000e+00, 2.329092e-01, 0.000000e+00
98.997996, 3.515911e-02, 0.000000e+00, 3.039750e+03, 3.000000e+02, 0.000000e+00, 0.000000e+00, 0.000000e+00, 2.329092e-01, 0.000000e+00
99.198397, 3.515911e-02, 0.000000e+00, 3.039750e+03, 3.000000e+02, 0.000000e+00, 0.000000e+00, 0.000000e+00, 2.329092e-01, 0.000000e+00
99.398798, 3.515911e-02, 0.000000e+00, 3.039750e+03, 3.000000e+02, 0.000000e+00, 0.000000e+00, 0.000000e+00, 2.329092e-01, 0.000000e+00
99.599198, 3.515911e-02, 0.000000e+00, 3.039750e+03, 3.000000e+02, 0.000000e+00, 0.000000e+00, 0.000000e+00, 2.329092e-01, 0.000000e+00
99.799599, 3.515911e-02, 0.000000e+00, 3.039750e+03, 3.000000e+02, 0.000000e+00, 0.000000e+00, 0.000000e+00, 2.329092e-01, 0.000000e+00
100.000000, 3.515911e-02, 0.000000e+00, 3.039750e+03, 3.000000e+02, 0.000000e+00, 0.000000e+00, 0.000000e+00, 2.329092e-01, 0.000000e+00
