# 时间 t = 0.010000 s
# 列: x(m), rho(kg/m3), u(m/s), p(Pa), T(K), Y_H2, Y_H, Y_O, Y_O2, Y_OH
0.000000, 1.274208e+01, 0.000000e+00, 3.039750e+06, 6.000000e+02, 2.852239e-02, 9.958745e-22, 2.767756e-22, 2.263540e-01, 1.988659e-23
0.200401, 1.274208e+01, 0.000000e+00, 3.039750e+06, 6.000000e+02, 2.852239e-02, 9.958745e-22, 2.767756e-22, 2.263540e-01, 1.988659e-23
0.400802, 1.274208e+01, 0.000000e+00, 3.039750e+06, 6.000000e+02, 2.852239e-02, 9.958745e-22, 2.767756e-22, 2.263540e-01, 1.988659e-23
0.601202, 1.274208e+01, 0.000000e+00, 3.039750e+06, 6.000000e+02, 2.852239e-02, 9.958745e-22, 2.767756e-22, 2.263540e-01, 1.988659e-23
0.801603, 1.274208e+01, 0.000000e+00, 3.039750e+06, 6.000000e+02, 2.852239e-02, 9.958745e-22, 2.767756e-22, 2.263540e-01, 1.988659e-23
1.002004, 1.274208e+01, 0.000000e+00, 3.039750e+06, 6.000000e+02, 2.852239e-02, 9.958745e-22, 2.767756e-22, 2.263540e-01, 1.988659e-23
1.202405, 1.274208e+01, 0.000000e+00, 3.039750e+06, 6.000000e+02, 2.852239e-02, 9.958745e-22, 2.767756e-22, 2.263540e-01, 1.988659e-23
1.402806, 1.274208e+01, 0.000000e+00, 3.039750e+06, 6.000000e+02, 2.852239e-02, 9.958745e-22, 2.767756e-22, 2.263540e-01, 1.988659e-23
1.603206, 1.274208e+01, 0.000000e+00, 3.039750e+06, 6.000000e+02, 2.852239e-02, 9.958745e-22, 2.767756e-22, 2.263540e-01, 1.988659e-23
1.803607, 1.274208e+01, 0.000000e+00, 3.039750e+06, 6.000000e+02, 2.852239e-02, 9.958745e-22, 2.767756e-22, 2.263540e-01, 1.988659e-23
2.004008, 1.274208e+01, 0.000000e+00, 3.039750e+06, 6.000000e+02, 2.852239e-02, 9.958745e-22, 2.767756e-22, 2.263540e-01, 1.988659e-23
2.204409, 1.274208e+01, 0.000000e+00, 3.039750e+06, 6.000000e+02, 2.852239e-02, 9.958745e-22, 2.767756e-22, 2.263540e-01, 1.988659e-23
2.404810, 1.274208e+01, 0.000000e+00, 3.039750e+06, 6.000000e+02, 2.852239e-02, 9.958745e-22, 2.767756e-22, 2.263540e-01, 1.988659e-23
2.605210, 1.274208e+01, 0.000000e+00, 3.039750e+06, 6.000000e+02, 2.852239e-02, 9.958745e-22, 2.767756e-22, 2.263540e-01, 1.988659e-23
2.805611, 1.274208e+01, 0.000000e+00, 3.039750e+06, 6.000000e+02, 2.852239e-02, 9.958745e-22, 2.767756e-22, 2.263540e-01, 1.988659e-23
3.006012, 1.274208e+01, 0.000000e+00, 3.039750e+06, 6.000000e+02, 2.852239e-02, 9.958745e-22, 2.767756e-22, 2.263540e-01, 1.988659e-23
3.206413, 1.274208e+01, 0.000000e+00, 3.039750e+06, 6.000000e+02, 2.852239e-02, 9.958745e-22, 2.767756e-22, 2.263540e-01, 1.988659e-23
3.406814, 1.274208e+01, 0.000000e+00, 3.039750e+06, 6.000000e+02, 2.852239e-02, 9.958745e-22, 2.767756e-22, 2.263540e-01, 1.988659e-23
3.607214, 1.274208e+01, 0.000000e+00, 3.039750e+06, 6.000000e+02, 2.852239e-02, 9.958745e-22, 2.767756e-22, 2.263540e-01, 1.988659e-23
3.807615, 1.274208e+01, 0.000000e+00, 3.039750e+06, 6.000000e+02, 2.852239e-02, 9.958745e-22, 2.767756e-22, 2.263540e-01, 1.988659e-23
4.008016, 1.274208e+01, 0.000000e+00, 3.039750e+06, 6.000000e+02, 2.852239e-02, 9.958745e-22, 2.767756e-22, 2.263540e-01, 1.988659e-23
4.208417, 1.274208e+01, 0.000000e+00, 3.039750e+06, 6.000000e+02, 2.852239e-02, 9.958745e-22, 2.767756e-22, 2.263540e-01, 1.988659e-23
4.408818, 1.274208e+01, 0.000000e+00, 3.039750e+06, 6.000000e+02, 2.852239e-02, 9.958745e-22, 2.767756e-22, 2.263540e-01, 1.988659e-23
4.609218, 1.274208e+01, 0.000000e+00, 3.039750e+06, 6.000000e+02, 2.852239e-02, 9.958745e-22, 2.767756e-22, 2.263540e-01, 1.988659e-23
4.809619, 1.274208e+01, 0.000000e+00, 3.039750e+06, 6.000000e+02, 2.852239e-02, 9.958745e-22, 2.767756e-22, 2.263540e-01, 1.988659e-23
5.010020, 1.274208e+01, 0.000000e+00, 3.039750e+06, 6.000000e+02, 2.852239e-02, 9.958745e-22, 2.767756e-22, 2.263540e-01, 1.988659e-23
5.210421, 1.274208e+01, 0.000000e+00, 3.039750e+06, 6.000000e+02, 2.852239e-02, 9.958745e-22, 2.767756e-22, 2.263540e-01, 1.988659e-23
5.410822, 1.274208e+01, 0.000000e+00, 3.039750e+06, 6.000000e+02, 2.852239e-02, 9.958745e-22, 2.767756e-22, 2.263540e-01, 1.988659e-23
5.611222, 1.274208e+01, 0.000000e+00, 3.039750e+06, 6.000000e+02, 2.852239e-02, 9.958745e-22, 2.767756e-22, 2.263540e-01, 1.988659e-23
5.811623, 1.274208e+01, 0.000000e+00, 3.039750e+06, 6.000000e+02, 2.852239e-02, 9.958745e-22, 2.767756e-22, 2.263540e-01, 1.988659e-23
6.012024, 1.274208e+01, 0.000000e+00, 3.039750e+06, 6.000000e+02, 2.852239e-02, 9.958745e-22, 2.767756e-22, 2.263540e-01, 1.988659e-23
6.212425, 1.274208e+01, 0.000000e+00, 3.039750e+06, 6.000000e+02, 2.852239e-02, 9.958745e-22, 2.767756e-22, 2.263540e-01, 1.988659e-23
6.412826, 1.274208e+01, 0.000000e+00, 3.039750e+06, 6.000000e+02, 2.852239e-02, 9.958745e-22, 2.767756e-22, 2.263540e-01, 1.988659e-23
6.613226, 1.274208e+01, 0.000000e+00, 3.039750e+06, 6.000000e+02, 2.852239e-02, 9.958745e-22, 2.767756e-22, 2.263540e-01, 1.988659e-23
6.813627, 1.274208e+01, 0.000000e+00, 3.039750e+06, 6.000000e+02, 2.852239e-02, 9.958745e-22, 2.767756e-22, 2.263540e-01, 1.988659e-23
7.014028, 1.274208e+01, 0.000000e+00, 3.039750e+06, 6.000000e+02, 2.852239e-02, 9.958745e-22, 2.767756e-22, 2.263540e-01, 1.988659e-23
7.214429, 1.274208e+01, 0.000000e+00, 3.039750e+06, 6.000000e+02, 2.852239e-02, 9.958745e-22, 2.767756e-22, 2.263540e-01, 1.988659e-23
7.414830, 1.274208e+01, 0.000000e+00, 3.039750e+06, 6.000000e+02, 2.852239e-02, 9.958745e-22, 2.767756e-22, 2.263540e-01, 1.988659e-23
7.615230, 1.274208e+01, 0.000000e+00, 3.039750e+06, 6.000000e+02, 2.852239e-02, 9.958745e-22, 2.767756e-22, 2.263540e-01, 1.988659e-23
7.815631, 1.274208e+01, 0.000000e+00, 3.039750e+06, 6.000000e+02, 2.852239e-02, 9.958745e-22, 2.767756e-22, 2.263540e-01, 1.988659e-23
8.016032, 1.274208e+01, -1.875839e-14, 3.039750e+06, 6.000000e+02, 2.852239e-02, 9.958745e-22, 2.767756e-22, 2.263540e-01, 1.988659e-23
8.216433, 1.274208e+01, -1.498517e-13, 3.039750e+06, 6.000000e+02, 2.852239e-02, 9.958745e-22, 2.767756e-22, 2.263540e-01, 1.988659e-23
8.416834, 1.274208e+01, -7.036316e-13, 3.039750e+06, 6.000000e+02, 2.852239e-02, 9.958745e-22, 2.767756e-22, 2.263540e-01, 1.988659e-23
8.617234, 1.274208e+01, -2.541230e-12, 3.039750e+06, 6.000000e+02, 2.852239e-02, 9.958745e-22, 2.767756e-22, 2.263540e-01, 1.988659e-23
8.817635, 1.274208e+01, -8.788776e-12, 3.039750e+06, 6.000000e+02, 2.852239e-02, 9.958745e-22, 2.767756e-22, 2.263540e-01, 1.988659e-23
9.018036, 1.274208e+01, -2.961816e-11, 3.039750e+06, 6.000000e+02, 2.852239e-02, 9.958745e-22, 2.767756e-22, 2.263540e-01, 1.988659e-23
9.218437, 1.274208e+01, -9.790105e-11, 3.039750e+06, 6.000000e+02, 2.852239e-02, 9.958745e-22, 2.767756e-22, 2.263540e-01, 1.988659e-23
9.418838, 1.274208e+01, -3.186207e-10, 3.039750e+06, 6.000000e+02, 2.852239e-02, 9.958745e-22, 2.767756e-22, 2.263540e-01, 1.988659e-23
9.619238, 1.274208e+01, -1.022342e-09, 3.039750e+06, 6.000000e+02, 2.852239e-02, 9.958745e-22, 2.767756e-22, 2.263540e-01, 1.988659e-23
9.819639, 1.274208e+01, -3.234306e-09, 3.039750e+06, 6.000000e+02, 2.852239e-02, 9.958745e-22, 2.767756e-22, 2.263540e-01, 1.988659e-23
10.020040, 1.274208e+01, -1.009076e-08, 3.039750e+06, 6.000000e+02, 2.852239e-02, 9.958745e-22, 2.767756e-22, 2.263540e-01, 1.988659e-23
10.220441, 1.274208e+01, -3.105233e-08, 3.039750e+06, 6.000000e+02, 2.852239e-02, 9.958745e-22, 2.767756e-22, 2.263540e-01, 1.988659e-23
10.420842, 1.274208e+01, -9.426126e-08, 3.039750e+06, 6.000000e+02, 2.852239e-02, 9.958745e-22, 2.767756e-22, 2.263540e-01, 1.988659e-23
10.621242, 1.274208e+01, -2.822828e-07, 3.039750e+06, 6.000000e+02, 2.852239e-02, 9.958745e-22, 2.767756e-22, 2.263540e-01, 1.988659e-23
10.821643, 1.274208e+01, -8.340605e-07, 3.039750e+06, 6.000000e+02, 2.852239e-02, 9.958745e-22, 2.767756e-22, 2.263540e-01, 1.988659e-23
11.022044, 1.274208e+01, -2.431820e-06, 3.039750e+06, 6.000000e+02, 2.852239e-02, 9.958745e-22, 2.767756e-22, 2.263540e-01, 1.988659e-23
11.222445, 1.274208e+01, -6.997673e-06, 3.039750e+06, 6.000000e+02, 2.852239e-02, 9.958745e-22, 2.767756e-22, 2.263540e-01, 1.988659e-23
11.422846, 1.274208e+01, -1.987654e-05, 3.039750e+06, 6.000000e+02, 2.852239e-02, 9.958745e-22, 2.767756e-22, 2.263540e-01, 1.988660e-23
11.623246, 1.274208e+01, -5.574139e-05, 3.039750e+06, 6.000000e+02, 2.852239e-02, 9.958744e-22, 2.767756e-22, 2.263540e-01, 1.988660e-23
11.823647, 1.274209e+01, -1.543684e-04, 3.039751e+06, 6.000000e+02, 2.852239e-02, 9.958742e-22, 2.767755e-22, 2.263540e-01, 1.988660e-23
12.024048, 1.274209e+01, -4.222631e-04, 3.039752e+06, 6.000000e+02, 2.852239e-02, 9.958737e-22, 2.767754e-22, 2.263540e-01, 1.988659e-23
12.224449, 1.274211e+01, -1.141193e-03, 3.039756e+06, 6.000000e+02, 2.852239e-02, 9.958724e-22, 2.767750e-22, 2.263540e-01, 1.988657e-23
12.424850, 1.274215e+01, -3.047873e-03, 3.039767e+06, 6.000000e+02, 2.852239e-02, 9.958689e-22, 2.767741e-22, 2.263540e-01, 1.988650e-23
12.625251, 1.274227e+01, -8.046542e-03, 3.039796e+06, 6.000000e+02, 2.852239e-02, 9.958596e-22, 2.767715e-22, 2.263540e-01, 1.988632e-23
12.825651, 1.274258e+01, -2.100415e-02, 3.039869e+06, 6.000000e+02, 2.852239e-02, 9.958355e-22, 2.767649e-22, 2.263540e-01, 1.988584e-23
13.026052, 1.274337e+01, -5.422245e-02, 3.040058e+06, 6.000000e+02, 2.852239e-02, 9.957737e-22, 2.767478e-22, 2.263540e-01, 1.988462e-23
13.226453, 1.274538e+01, -1.384491e-01, 3.040538e+06, 6.000000e+02, 2.852239e-02, 9.956169e-22, 2.767045e-22, 2.263540e-01, 1.988150e-23
13.426854, 1.275042e+01, -3.496304e-01, 3.041740e+06, 6.000000e+02, 2.852239e-02, 9.952238e-22, 2.765960e-22, 2.263540e-01, 1.987369e-23
13.627255, 1.276292e+01, -8.727734e-01, 3.044722e+06, 6.000000e+02, 2.852239e-02, 9.942505e-22, 2.763273e-22, 2.263540e-01, 1.985433e-23
13.827655, 1.279349e+01, -2.150078e+00, 3.052014e+06, 6.000000e+02, 2.852239e-02, 9.918783e-22, 2.756721e-22, 2.263540e-01, 1.980714e-23
14.028056, 1.286685e+01, -5.205569e+00, 3.069515e+06, 6.000000e+02, 2.852239e-02, 9.862311e-22, 2.741119e-22, 2.263540e-01, 1.969478e-23
14.228457, 1.303773e+01, -1.226878e+01, 3.110279e+06, 6.000000e+02, 2.852239e-02, 9.733254e-22, 2.705435e-22, 2.263540e-01, 1.944048e-23
14.428858, 1.341530e+01, -2.759560e+01, 3.200352e+06, 6.000000e+02, 2.852239e-02, 9.459916e-22, 2.629784e-22, 2.263540e-01, 1.939952e-23
14.629259, 1.417611e+01, -5.723728e+01, 3.381851e+06, 6.000000e+02, 2.852239e-02, 8.961805e-22, 2.491701e-22, 2.263540e-01, 5.286951e-23
14.829659, 1.550113e+01, -1.049789e+02, 3.697949e+06, 6.000000e+02, 2.852239e-02, 8.410633e-22, 2.338549e-22, 2.263540e-01, 9.515983e-22
15.030060, 1.739946e+01, -1.658881e+02, 4.150814e+06, 6.000000e+02, 2.852236e-02, 9.813247e-22, 2.727718e-22, 2.263538e-01, 1.127501e-20
15.230461, 1.958912e+01, -2.274033e+02, 4.673174e+06, 6.000000e+02, 2.852219e-02, 2.215549e-21, 6.156704e-22, 2.263524e-01, 7.426938e-20
15.430862, 2.164484e+01, -2.785234e+02, 5.163568e+06, 6.000000e+02, 2.852147e-02, 7.061802e-21, 1.962510e-21, 2.263467e-01, 3.222032e-19
15.631263, 2.325364e+01, -3.149458e+02, 5.547296e+06, 6.000000e+02, 2.851924e-02, 2.090614e-20, 5.810193e-21, 2.263288e-01, 1.053259e-18
15.831663, 2.431127e+01, -3.374476e+02, 5.799429e+06, 6.000000e+02, 2.851362e-02, 5.359646e-20, 1.489552e-20, 2.262840e-01, 2.831036e-18
16.032064, 2.486251e+01, -3.487655e+02, 5.930553e+06, 6.000000e+02, 2.850151e-02, 1.211591e-19, 3.367168e-20, 2.261873e-01, 6.603871e-18
16.232465, 2.501130e+01, -3.517428e+02, 5.965318e+06, 6.000000e+02, 2.847823e-02, 2.470717e-19, 6.866009e-20, 2.260013e-01, 1.383064e-17
16.432866, 2.486455e+01, -3.486743e+02, 5.929049e+06, 6.000000e+02, 2.843724e-02, 4.623583e-19, 1.284752e-19, 2.256740e-01, 2.659616e-17
16.633267, 2.450986e+01, -3.412455e+02, 5.842422e+06, 6.000000e+02, 2.837007e-02, 8.037989e-19, 2.233181e-19, 2.251376e-01, 4.770150e-17
16.833667, 2.401253e+01, -3.306381e+02, 5.720773e+06, 6.000000e+02, 2.826635e-02, 1.309842e-18, 3.638184e-19, 2.243093e-01, 8.071961e-17
17.034068, 2.341968e+01, -3.176595e+02, 5.575091e+06, 6.000000e+02, 2.811406e-02, 2.014460e-18, 5.593240e-19, 2.230934e-01, 1.300123e-16
17.234469, 2.276491e+01, -3.028607e+02, 5.413160e+06, 6.000000e+02, 2.790006e-02, 2.940199e-18, 8.159104e-19, 2.213851e-01, 2.007120e-16
17.434870, 2.207227e+01, -2.866223e+02, 5.240514e+06, 6.000000e+02, 2.761077e-02, 4.092509e-18, 1.134813e-18, 2.190760e-01, 2.986783e-16
17.635271, 2.135906e+01, -2.692147e+02, 5.061140e+06, 6.000000e+02, 2.723298e-02, 5.457680e-18, 1.511785e-18, 2.160611e-01, 4.304391e-16
17.835671, 2.063786e+01, -2.508380e+02, 4.877971e+06, 6.000000e+02, 2.675477e-02, 7.005764e-18, 1.937921e-18, 2.122455e-01, 6.031296e-16
18.036072, 1.991786e+01, -2.316481e+02, 4.693218e+06, 6.000000e+02, 2.616644e-02, 8.698119e-18, 2.401811e-18, 2.075523e-01, 8.244336e-16
18.236473, 1.920581e+01, -2.117755e+02, 4.508600e+06, 6.000000e+02, 2.546126e-02, 1.049742e-17, 2.892304e-18, 2.019283e-01, 1.102532e-15
18.436874, 1.850672e+01, -1.913371e+02, 4.325503e+06, 6.000001e+02, 2.463606e-02, 1.237716e-17, 3.401210e-18, 1.953488e-01, 1.446062e-15
18.637275, 1.782434e+01, -1.704455e+02, 4.145091e+06, 6.000001e+02, 2.369152e-02, 1.432818e-17, 3.925119e-18, 1.878201e-01, 1.864088e-15
18.837675, 1.716160e+01, -1.492157e+02, 3.968385e+06, 6.000001e+02, 2.263221e-02, 1.636138e-17, 4.466131e-18, 1.793792e-01, 2.366109e-15
19.038076, 1.652097e+01, -1.277707e+02, 3.796324e+06, 6.000002e+02, 2.146616e-02, 1.850709e-17, 5.031725e-18, 1.700910e-01, 2.962128e-15
19.238477, 1.590471e+01, -1.062461e+02, 3.629802e+06, 6.000002e+02, 2.020427e-02, 2.081301e-17, 5.634006e-18, 1.600432e-01, 3.662882e-15
19.438878, 1.531516e+01, -8.479502e+01, 3.469696e+06, 6.000004e+02, 1.885942e-02, 2.334252e-17, 6.289458e-18, 1.493391e-01, 4.480374e-15
19.639279, 1.475491e+01, -6.359339e+01, 3.316888e+06, 6.000005e+02, 1.744528e-02, 2.617574e-17, 7.018387e-18, 1.380884e-01, 5.429000e-15
19.839679, 1.422709e+01, -4.284817e+01, 3.172305e+06, 6.000007e+02, 1.597511e-02, 2.941575e-17, 7.848105e-18, 1.263972e-01, 6.527880e-15
20.040080, 1.373589e+01, -2.281533e+01, 3.036993e+06, 6.000011e+02, 1.446012e-02, 3.320366e-17, 8.816182e-18, 1.143551e-01, 7.805539e-15
20.240481, 1.328793e+01, -3.859843e+00, 2.912160e+06, 6.000018e+02, 1.289305e-02, 3.778162e-17, 9.987847e-18, 1.019049e-01, 9.322014e-15
20.440882, 1.289715e+01, 1.342938e+01, 2.800232e+06, 6.000031e+02, 1.124663e-02, 4.360459e-17, 1.148849e-17, 8.882995e-02, 1.120016e-14
20.641283, 1.257996e+01, 2.829363e+01, 2.704933e+06, 6.000064e+02, 9.548019e-03, 5.130601e-17, 1.350491e-17, 7.534546e-02, 1.361164e-14
20.841683, 1.235394e+01, 4.001893e+01, 2.628945e+06, 6.000180e+02, 7.753202e-03, 6.234901e-17, 1.647726e-17, 6.109890e-02, 1.711974e-14
21.042084, 1.223277e+01, 4.846174e+01, 2.573056e+06, 6.001143e+02, 5.739456e-03, 8.155469e-17, 2.179678e-17, 4.509869e-02, 2.426765e-14
21.242485, 1.103475e+01, 5.850520e+01, 2.557192e+06, 6.707639e+02, 3.344515e-03, 1.015314e-14, 3.878637e-15, 2.579618e-02, 3.402889e-12
21.442886, 2.740781e+00, 1.481451e+02, 2.748786e+06, 2.907347e+03, 1.853326e-03, 1.408389e-04, 9.058155e-04, 1.009432e-02, 1.023101e-02
21.643287, 2.185906e+00, 2.988437e+02, 2.332190e+06, 3.060010e+03, 2.705448e-03, 2.984049e-04, 2.002281e-03, 1.435161e-02, 1.586819e-02
21.843687, 2.016798e+00, 3.352280e+02, 2.248683e+06, 3.168339e+03, 3.360848e-03, 4.635551e-04, 3.193958e-03, 1.749440e-02, 2.048262e-02
22.044088, 1.920669e+00, 3.592238e+02, 2.186394e+06, 3.218097e+03, 3.698503e-03, 5.659700e-04, 3.944223e-03, 1.908834e-02, 2.291614e-02
22.244489, 1.853462e+00, 3.786640e+02, 2.126936e+06, 3.236492e+03, 3.845867e-03, 6.152020e-04, 4.305139e-03, 1.978926e-02, 2.397287e-02
22.444890, 1.795961e+00, 3.951888e+02, 2.066562e+06, 3.241818e+03, 3.911836e-03, 6.387094e-04, 4.475341e-03, 2.011464e-02, 2.442824e-02
22.645291, 1.740030e+00, 4.092987e+02, 2.003783e+06, 3.242361e+03, 3.949281e-03, 6.528704e-04, 4.575688e-03, 2.031044e-02, 2.466947e-02
22.845691, 1.683010e+00, 4.211468e+02, 1.938313e+06, 3.241127e+03, 3.977850e-03, 6.641988e-04, 4.654487e-03, 2.046749e-02, 2.484168e-02
23.046092, 1.624553e+00, 4.308887e+02, 1.870628e+06, 3.239081e+03, 4.003736e-03, 6.748006e-04, 4.727392e-03, 2.061426e-02, 2.499085e-02
23.246493, 1.565155e+00, 4.387216e+02, 1.801586e+06, 3.236535e+03, 4.028685e-03, 6.852705e-04, 4.798852e-03, 2.075864e-02, 2.513026e-02
23.446894, 1.505448e+00, 4.446832e+02, 1.732027e+06, 3.233613e+03, 4.053169e-03, 6.957631e-04, 4.870053e-03, 2.090259e-02, 2.526373e-02
23.647295, 1.445836e+00, 4.482755e+02, 1.662479e+06, 3.230378e+03, 4.077408e-03, 7.063519e-04, 4.941554e-03, 2.104702e-02, 2.539307e-02
23.847695, 1.386427e+00, 4.479650e+02, 1.593112e+06, 3.226868e+03, 4.101682e-03, 7.171443e-04, 5.014134e-03, 2.119329e-02, 2.552029e-02
24.048096, 1.327415e+00, 4.404745e+02, 1.524204e+06, 3.223142e+03, 4.126342e-03, 7.282760e-04, 5.088790e-03, 2.134302e-02, 2.564803e-02
24.248497, 1.270094e+00, 4.199914e+02, 1.457333e+06, 3.219380e+03, 4.151528e-03, 7.397673e-04, 5.165831e-03, 2.149611e-02, 2.577847e-02
24.448898, 1.218223e+00, 3.774181e+02, 1.396976e+06, 3.216013e+03, 4.176574e-03, 7.512289e-04, 5.242961e-03, 2.164687e-02, 2.591073e-02
24.649299, 1.178369e+00, 3.013868e+02, 1.350875e+06, 3.213760e+03, 4.199403e-03, 7.615678e-04, 5.313275e-03, 2.178049e-02, 2.603733e-02
24.849699, 1.157123e+00, 1.847136e+02, 1.326704e+06, 3.213234e+03, 4.216535e-03, 7.690718e-04, 5.365451e-03, 2.187503e-02, 2.614128e-02
25.050100, 1.156559e+00, 3.577895e+01, 1.326598e+06, 3.214173e+03, 4.223223e-03, 7.716974e-04, 5.384898e-03, 2.190617e-02, 2.619075e-02
25.250501, 1.174614e+00, -1.178699e+02, 1.347425e+06, 3.215110e+03, 4.211811e-03, 7.665197e-04, 5.349497e-03, 2.184023e-02, 2.612604e-02
25.450902, 1.206027e+00, -2.455506e+02, 1.383538e+06, 3.216482e+03, 4.190946e-03, 7.572114e-04, 5.285501e-03, 2.172152e-02, 2.600501e-02
25.651303, 1.246541e+00, -3.336543e+02, 1.430349e+06, 3.218577e+03, 4.167342e-03, 7.466341e-04, 5.213298e-03, 2.158469e-02, 2.587215e-02
25.851703, 1.294137e+00, -3.863057e+02, 1.485586e+06, 3.221317e+03, 4.142999e-03, 7.356861e-04, 5.139088e-03, 2.144096e-02, 2.573938e-02
26.052104, 1.346762e+00, -4.146313e+02, 1.546823e+06, 3.224434e+03, 4.118467e-03, 7.246809e-04, 5.064778e-03, 2.129467e-02, 2.560804e-02
26.252505, 1.402829e+00, -4.287379e+02, 1.612136e+06, 3.227668e+03, 4.093707e-03, 7.136748e-04, 4.990491e-03, 2.114690e-02, 2.547588e-02
26.452906, 1.461230e+00, -4.350641e+02, 1.680162e+06, 3.230836e+03, 4.068589e-03, 7.026652e-04, 4.916028e-03, 2.099787e-02, 2.534069e-02
26.653307, 1.520818e+00, -4.367620e+02, 1.749513e+06, 3.233800e+03, 4.043152e-03, 6.917037e-04, 4.841625e-03, 2.084844e-02, 2.520170e-02
26.853707, 1.580210e+00, -4.348771e+02, 1.818514e+06, 3.236431e+03, 4.017538e-03, 6.808771e-04, 4.767786e-03, 2.069992e-02, 2.505889e-02
27.054108, 1.638064e+00, -4.295505e+02, 1.885517e+06, 3.238588e+03, 3.991638e-03, 6.701737e-04, 4.694316e-03, 2.055237e-02, 2.491060e-02
27.254509, 1.693548e+00, -4.207614e+02, 1.949330e+06, 3.240003e+03, 3.964141e-03, 6.591445e-04, 4.617832e-03, 2.040000e-02, 2.474665e-02
27.454910, 1.747025e+00, -4.086545e+02, 2.009600e+06, 3.239812e+03, 3.929336e-03, 6.458157e-04, 4.523690e-03, 2.021642e-02, 2.452476e-02
27.655311, 1.801371e+00, -3.934359e+02, 2.066996e+06, 3.235075e+03, 3.867623e-03, 6.235908e-04, 4.363008e-03, 1.991082e-02, 2.410043e-02
27.855711, 1.864804e+00, -3.749278e+02, 2.123339e+06, 3.217518e+03, 3.725591e-03, 5.756438e-04, 4.011599e-03, 1.923465e-02, 2.308238e-02
28.056112, 1.954883e+00, -3.519323e+02, 2.182062e+06, 3.169968e+03, 3.400163e-03, 4.755935e-04, 3.278527e-03, 1.769814e-02, 2.073604e-02
28.256513, 2.107900e+00, -3.171760e+02, 2.260522e+06, 3.071951e+03, 2.796447e-03, 3.193679e-04, 2.149700e-03, 1.480624e-02, 1.647584e-02
28.456914, 2.623810e+00, -1.610288e+02, 2.680258e+06, 2.953529e+03, 2.072750e-03, 1.752169e-04, 1.142058e-03, 1.119683e-02, 1.166254e-02
28.657315, 9.670601e+00, -6.630373e+01, 2.516808e+06, 7.533898e+02, 3.382990e-03, 1.167017e-12, 6.343356e-13, 2.562947e-02, 2.091837e-10
28.857715, 1.191912e+01, -5.181604e+01, 2.509271e+06, 6.012691e+02, 5.614944e-03, 1.290580e-16, 3.033521e-17, 4.368354e-02, 4.957328e-14
29.058116, 1.204591e+01, -4.346596e+01, 2.561212e+06, 6.000583e+02, 7.645585e-03, 9.256346e-17, 2.212168e-17, 5.984505e-02, 3.261878e-14
29.258517, 1.225060e+01, -3.252660e+01, 2.631799e+06, 6.000141e+02, 9.440618e-03, 7.568371e-17, 1.838396e-17, 7.411675e-02, 2.544704e-14
29.458918, 1.253760e+01, -1.883249e+01, 2.719558e+06, 6.000060e+02, 1.112189e-02, 6.379874e-17, 1.573752e-17, 8.748820e-02, 2.055197e-14
29.659319, 1.289270e+01, -2.947419e+00, 2.822426e+06, 6.000032e+02, 1.273847e-02, 5.471272e-17, 1.369367e-17, 1.003518e-01, 1.682249e-14
29.859719, 1.330218e+01, 1.447691e+01, 2.937599e+06, 6.000019e+02, 1.428497e-02, 4.750464e-17, 1.204879e-17, 1.126646e-01, 1.387069e-14
30.060120, 1.375201e+01, 3.287571e+01, 3.062030e+06, 6.000012e+02, 1.575444e-02, 4.163430e-17, 1.068674e-17, 1.243706e-01, 1.148434e-14
30.260521, 1.423535e+01, 5.187624e+01, 3.194788e+06, 6.000008e+02, 1.717553e-02, 3.667321e-17, 9.516855e-18, 1.356973e-01, 9.486970e-15
30.460922, 1.474857e+01, 7.124845e+01, 3.334997e+06, 6.000006e+02, 1.854063e-02, 3.240976e-17, 8.494883e-18, 1.465835e-01, 7.802129e-15
30.661323, 1.528909e+01, 9.081331e+01, 3.481928e+06, 6.000004e+02, 1.983975e-02, 2.869030e-17, 7.588534e-18, 1.569485e-01, 6.377160e-15
30.861723, 1.585493e+01, 1.104230e+02, 3.634913e+06, 6.000003e+02, 2.106230e-02, 2.539596e-17, 6.771940e-18, 1.667071e-01, 5.172973e-15
31.062124, 1.644439e+01, 1.299524e+02, 3.793307e+06, 6.000002e+02, 2.219818e-02, 2.243148e-17, 6.025101e-18, 1.757778e-01, 4.158854e-15
31.262525, 1.705591e+01, 1.492948e+02, 3.956473e+06, 6.000001e+02, 2.323865e-02, 1.972017e-17, 5.330880e-18, 1.840899e-01, 3.309489e-15
31.462926, 1.768793e+01, 1.683584e+02, 4.123764e+06, 6.000001e+02, 2.417705e-02, 1.720288e-17, 4.676367e-18, 1.915893e-01, 2.603262e-15
31.663327, 1.833868e+01, 1.870616e+02, 4.294500e+06, 6.000001e+02, 2.500929e-02, 1.483890e-17, 4.053036e-18, 1.982425e-01, 2.021257e-15
31.863727, 1.900597e+01, 2.053296e+02, 4.467941e+06, 6.000000e+02, 2.573413e-02, 1.260716e-17, 3.457288e-18, 2.040389e-01, 1.546641e-15
32.064128, 1.968702e+01, 2.230893e+02, 4.643244e+06, 6.000000e+02, 2.635329e-02, 1.050618e-17, 2.890646e-18, 2.089915e-01, 1.164300e-15
32.264529, 2.037811e+01, 2.402641e+02, 4.819407e+06, 6.000000e+02, 2.687127e-02, 8.551513e-18, 2.359101e-18, 2.131358e-01, 8.605906e-16
32.464930, 2.107428e+01, 2.567677e+02, 4.995190e+06, 6.000000e+02, 2.729502e-02, 6.770159e-18, 1.871580e-18, 2.165270e-01, 6.231959e-16
32.665331, 2.176880e+01, 2.724967e+02, 5.169005e+06, 6.000000e+02, 2.763343e-02, 5.192480e-18, 1.437740e-18, 2.192357e-01, 4.410177e-16
32.865731, 2.245258e+01, 2.873195e+02, 5.338747e+06, 6.000000e+02, 2.789674e-02, 3.843505e-18, 1.065481e-18, 2.213436e-01, 3.041159e-16
33.066132, 2.311317e+01, 3.010611e+02, 5.501566e+06, 6.000000e+02, 2.809587e-02, 2.735828e-18, 7.590690e-19, 2.229380e-01, 2.036696e-16
33.266533, 2.373343e+01, 3.134807e+02, 5.653530e+06, 6.000000e+02, 2.824184e-02, 1.865973e-18, 5.180401e-19, 2.241069e-01, 1.319532e-16
33.466934, 2.428959e+01, 3.242388e+02, 5.789148e+06, 6.000000e+02, 2.834520e-02, 1.214889e-18, 3.374216e-19, 2.249347e-01, 8.231820e-17
33.667335, 2.474866e+01, 3.328493e+02, 5.900737e+06, 6.000000e+02, 2.841559e-02, 7.518011e-19, 2.088622e-19, 2.254985e-01, 4.916830e-17
33.867735, 2.506516e+01, 3.386111e+02, 5.977635e+06, 6.000000e+02, 2.846145e-02, 4.398269e-19, 1.222105e-19, 2.258658e-01, 2.791820e-17
34.068136, 2.517794e+01, 3.405157e+02, 6.005423e+06, 6.000000e+02, 2.848981e-02, 2.415546e-19, 6.712592e-20, 2.260930e-01, 1.493021e-17
34.268537, 2.500839e+01, 3.371515e+02, 5.965496e+06, 6.000000e+02, 2.850631e-02, 1.233380e-19, 3.427688e-20, 2.262252e-01, 7.425577e-18
34.468938, 2.446522e+01, 3.266290e+02, 5.836203e+06, 6.000000e+02, 2.851521e-02, 5.775589e-20, 1.605155e-20, 2.262965e-01, 3.373082e-18
34.669339, 2.346339e+01, 3.066422e+02, 5.597343e+06, 6.000000e+02, 2.851958e-02, 2.434775e-20, 6.766733e-21, 2.263315e-01, 1.361931e-18
34.869739, 2.196590e+01, 2.749392e+02, 5.240158e+06, 6.000000e+02, 2.852146e-02, 9.073132e-21, 2.521540e-21, 2.263466e-01, 4.684428e-19
35.070140, 2.004907e+01, 2.305706e+02, 4.782897e+06, 6.000000e+02, 2.852215e-02, 3.068665e-21, 8.527725e-22, 2.263521e-01, 1.283011e-19
35.270541, 1.795256e+01, 1.760529e+02, 4.282759e+06, 6.000000e+02, 2.852234e-02, 1.212223e-21, 3.369127e-22, 2.263537e-01, 2.523166e-20
35.470942, 1.603146e+01, 1.190876e+02, 3.824464e+06, 6.000000e+02, 2.852238e-02, 8.570937e-22, 2.382924e-22, 2.263540e-01, 3.097273e-21
35.671343, 1.457889e+01, 7.034469e+01, 3.477940e+06, 6.000000e+02, 2.852239e-02, 8.750344e-22, 2.432951e-22, 2.263540e-01, 2.159688e-22
35.871743, 1.366626e+01, 3.670253e+01, 3.260222e+06, 6.000000e+02, 2.852239e-02, 9.287727e-22, 2.582052e-22, 2.263540e-01, 2.439261e-23
36.072144, 1.317353e+01, 1.746968e+01, 3.142675e+06, 6.000000e+02, 2.852239e-02, 9.633091e-22, 2.677701e-22, 2.263540e-01, 1.930992e-23
36.272545, 1.293410e+01, 7.848189e+00, 3.085559e+06, 6.000000e+02, 2.852239e-02, 9.811104e-22, 2.726955e-22, 2.263540e-01, 1.959317e-23
36.472946, 1.282507e+01, 3.407048e+00, 3.059548e+06, 6.000000e+02, 2.852239e-02, 9.894392e-22, 2.749979e-22, 2.263540e-01, 1.975859e-23
36.673347, 1.277727e+01, 1.447910e+00, 3.048144e+06, 6.000000e+02, 2.852239e-02, 9.931356e-22, 2.760192e-22, 2.263540e-01, 1.983214e-23
36.873747, 1.275679e+01, 6.062025e-01, 3.043260e+06, 6.000000e+02, 2.852239e-02, 9.947275e-22, 2.764589e-22, 2.263540e-01, 1.986381e-23
37.074148, 1.274816e+01, 2.507777e-01, 3.041201e+06, 6.000000e+02, 2.852239e-02, 9.954001e-22, 2.766447e-22, 2.263540e-01, 1.987719e-23
37.274549, 1.274457e+01, 1.026450e-01, 3.040343e+06, 6.000000e+02, 2.852239e-02, 9.956804e-22, 2.767220e-22, 2.263540e-01, 1.988277e-23
37.474950, 1.274309e+01, 4.159352e-02, 3.039990e+06, 6.000000e+02, 2.852239e-02, 9.957959e-22, 2.767539e-22, 2.263540e-01, 1.988506e-23
37.675351, 1.274249e+01, 1.669041e-02, 3.039846e+06, 6.000000e+02, 2.852239e-02, 9.958430e-22, 2.767669e-22, 2.263540e-01, 1.988599e-23
37.875752, 1.274224e+01, 6.632958e-03, 3.039788e+06, 6.000000e+02, 2.852239e-02, 9.958620e-22, 2.767722e-22, 2.263540e-01, 1.988637e-23
38.076152, 1.274214e+01, 2.610741e-03, 3.039765e+06, 6.000000e+02, 2.852239e-02, 9.958696e-22, 2.767743e-22, 2.263540e-01, 1.988652e-23
38.276553, 1.274211e+01, 1.017815e-03, 3.039756e+06, 6.000000e+02, 2.852239e-02, 9.958726e-22, 2.767751e-22, 2.263540e-01, 1.988657e-23
38.476954, 1.274209e+01, 3.932505e-04, 3.039752e+06, 6.000000e+02, 2.852239e-02, 9.958738e-22, 2.767754e-22, 2.263540e-01, 1.988659e-23
38.677355, 1.274209e+01, 1.511714e-04, 3.039751e+06, 6.000000e+02, 2.852239e-02, 9.958742e-22, 2.767755e-22, 2.263540e-01, 1.988660e-23
38.877756, 1.274208e+01, 5.929309e-05, 3.039750e+06, 6.000000e+02, 2.852239e-02, 9.958744e-22, 2.767756e-22, 2.263540e-01, 1.988660e-23
39.078156, 1.274208e+01, 2.724194e-05, 3.039750e+06, 6.000000e+02, 2.852239e-02, 9.958745e-22, 2.767756e-22, 2.263540e-01, 1.988660e-23
39.278557, 1.274208e+01, 2.205079e-05, 3.039750e+06, 6.000000e+02, 2.852239e-02, 9.958745e-22, 2.767756e-22, 2.263540e-01, 1.988660e-23
39.478958, 1.274208e+01, 3.594988e-05, 3.039750e+06, 6.000000e+02, 2.852239e-02, 9.958746e-22, 2.767756e-22, 2.263540e-01, 1.988661e-23
39.679359, 1.274208e+01, 7.669516e-05, 3.039750e+06, 6.000000e+02, 2.852239e-02, 9.958747e-22, 2.767757e-22, 2.263540e-01, 1.988661e-23
39.879760, 1.274208e+01, 1.699346e-04, 3.039749e+06, 6.000000e+02, 2.852239e-02, 9.958748e-22, 2.767757e-22, 2.263540e-01, 1.988662e-23
40.080160, 1.274207e+01, 3.722210e-04, 3.039748e+06, 6.000000e+02, 2.852239e-02, 9.958752e-22, 2.767758e-22, 2.263540e-01, 1.988663e-23
40.280561, 1.274206e+01, 7.991225e-04, 3.039745e+06, 6.000000e+02, 2.852239e-02, 9.958760e-22, 2.767760e-22, 2.263540e-01, 1.988665e-23
40.480962, 1.274204e+01, 1.678742e-03, 3.039740e+06, 6.000000e+02, 2.852239e-02, 9.958777e-22, 2.767765e-22, 2.263540e-01, 1.988668e-23
40.681363, 1.274200e+01, 3.448665e-03, 3.039730e+06, 6.000000e+02, 2.852239e-02, 9.958810e-22, 2.767774e-22, 2.263540e-01, 1.988675e-23
40.881764, 1.274191e+01, 6.925073e-03, 3.039710e+06, 6.000000e+02, 2.852239e-02, 9.958876e-22, 2.767792e-22, 2.263540e-01, 1.988689e-23
41.082164, 1.274175e+01, 1.358690e-02, 3.039672e+06, 6.000000e+02, 2.852239e-02, 9.959001e-22, 2.767827e-22, 2.263540e-01, 1.988714e-23
41.282565, 1.274145e+01, 2.603472e-02, 3.039600e+06, 6.000000e+02, 2.852239e-02, 9.959237e-22, 2.767892e-22, 2.263540e-01, 1.988761e-23
41.482966, 1.274090e+01, 4.870025e-02, 3.039468e+06, 6.000000e+02, 2.852239e-02, 9.959666e-22, 2.768011e-22, 2.263540e-01, 1.988847e-23
41.683367, 1.273992e+01, 8.889210e-02, 3.039235e+06, 6.000000e+02, 2.852239e-02, 9.960429e-22, 2.768222e-22, 2.263540e-01, 1.988999e-23
41.883768, 1.273823e+01, 1.582553e-01, 3.038832e+06, 6.000000e+02, 2.852239e-02, 9.961747e-22, 2.768588e-22, 2.263540e-01, 1.989262e-23
42.084168, 1.273539e+01, 2.746832e-01, 3.038154e+06, 6.000000e+02, 2.852239e-02, 9.963962e-22, 2.769202e-22, 2.263540e-01, 1.989703e-23
42.284569, 1.273075e+01, 4.646376e-01, 3.037047e+06, 6.000000e+02, 2.852239e-02, 9.967584e-22, 2.770205e-22, 2.263540e-01, 1.990425e-23
42.484970, 1.272339e+01, 7.656991e-01, 3.035290e+06, 6.000000e+02, 2.852239e-02, 9.973336e-22, 2.771800e-22, 2.263540e-01, 1.991572e-23
42.685371, 1.271204e+01, 1.228998e+00, 3.032584e+06, 6.000000e+02, 2.852239e-02, 9.982208e-22, 2.774260e-22, 2.263540e-01, 1.993341e-23
42.885772, 1.269508e+01, 1.921011e+00, 3.028538e+06, 6.000000e+02, 2.852239e-02, 9.995498e-22, 2.777945e-22, 2.263540e-01, 1.995991e-23
43.086172, 1.267049e+01, 2.924106e+00, 3.022671e+06, 6.000000e+02, 2.852239e-02, 1.001483e-21, 2.783307e-22, 2.263540e-01, 1.999844e-23
43.286573, 1.263590e+01, 4.335267e+00, 3.014419e+06, 6.000000e+02, 2.852239e-02, 1.004213e-21, 2.790881e-22, 2.263540e-01, 2.005289e-23
43.486974, 1.258871e+01, 6.262665e+00, 3.003162e+06, 6.000000e+02, 2.852239e-02, 1.007961e-21, 2.801280e-22, 2.263540e-01, 2.012762e-23
43.687375, 1.252623e+01, 8.820160e+00, 2.988257e+06, 6.000000e+02, 2.852239e-02, 1.012964e-21, 2.815166e-22, 2.263540e-01, 2.022741e-23
43.887776, 1.244589e+01, 1.212030e+01, 2.969090e+06, 6.000000e+02, 2.852239e-02, 1.019470e-21, 2.833223e-22, 2.263540e-01, 2.035715e-23
44.088176, 1.234544e+01, 1.626681e+01, 2.945127e+06, 6.000000e+02, 2.852239e-02, 1.027718e-21, 2.856120e-22, 2.263540e-01, 2.052167e-23
44.288577, 1.222317e+01, 2.134765e+01, 2.915959e+06, 6.000000e+02, 2.852239e-02, 1.037935e-21, 2.884486e-22, 2.263540e-01, 2.072545e-23
44.488978, 1.207807e+01, 2.742976e+01, 2.881342e+06, 6.000000e+02, 2.852239e-02, 1.050322e-21, 2.918879e-22, 2.263540e-01, 2.097253e-23
44.689379, 1.190984e+01, 3.455609e+01, 2.841210e+06, 6.000000e+02, 2.852239e-02, 1.065051e-21, 2.959779e-22, 2.263540e-01, 2.126633e-23
44.889780, 1.171896e+01, 4.274496e+01, 2.795675e+06, 6.000000e+02, 2.852239e-02, 1.082263e-21, 3.007575e-22, 2.263540e-01, 2.160965e-23
45.090180, 1.150661e+01, 5.199178e+01, 2.745015e+06, 6.000000e+02, 2.852239e-02, 1.102069e-21, 3.062578e-22, 2.263540e-01, 2.200471e-23
45.290581, 1.127448e+01, 6.227220e+01, 2.689639e+06, 6.000000e+02, 2.852239e-02, 1.124554e-21, 3.125025e-22, 2.263540e-01, 2.245321e-23
45.490982, 1.102472e+01, 7.354625e+01, 2.630056e+06, 6.000000e+02, 2.852239e-02, 1.149784e-21, 3.195098e-22, 2.263540e-01, 2.295647e-23
45.691383, 1.075971e+01, 8.576281e+01, 2.566835e+06, 6.000000e+02, 2.852239e-02, 1.177812e-21, 3.272942e-22, 2.263540e-01, 2.351551e-23
45.891784, 1.048195e+01, 9.886382e+01, 2.500573e+06, 6.000000e+02, 2.852239e-02, 1.208681e-21, 3.358681e-22, 2.263540e-01, 2.413123e-23
46.092184, 1.019394e+01, 1.127880e+02, 2.431866e+06, 6.000000e+02, 2.852239e-02, 1.242436e-21, 3.452434e-22, 2.263540e-01, 2.480448e-23
46.292585, 9.898085e+00, 1.274741e+02, 2.361286e+06, 6.000000e+02, 2.852239e-02, 1.279122e-21, 3.554330e-22, 2.263540e-01, 2.553619e-23
46.492986, 9.596611e+00, 1.428632e+02, 2.289367e+06, 6.000000e+02, 2.852239e-02, 1.318796e-21, 3.664525e-22, 2.263540e-01, 2.632746e-23
46.693387, 9.291541e+00, 1.589006e+02, 2.216589e+06, 6.000000e+02, 2.852239e-02, 1.361525e-21, 3.783204e-22, 2.263540e-01, 2.717965e-23
46.893788, 8.984659e+00, 1.755372e+02, 2.143380e+06, 6.000000e+02, 2.852239e-02, 1.407394e-21, 3.910604e-22, 2.263540e-01, 2.809443e-23
47.094188, 8.677502e+00, 1.927308e+02, 2.070104e+06, 6.000000e+02, 2.852239e-02, 1.456509e-21, 4.047018e-22, 2.263540e-01, 2.907394e-23
47.294589, 8.371356e+00, 2.104471e+02, 1.997070e+06, 6.000000e+02, 2.852239e-02, 1.509003e-21, 4.192815e-22, 2.263540e-01, 3.012080e-23
47.494990, 8.067261e+00, 2.286606e+02, 1.924525e+06, 6.000000e+02, 2.852239e-02, 1.565044e-21, 4.348457e-22, 2.263540e-01, 3.123836e-23
47.695391, 7.766011e+00, 2.473559e+02, 1.852659e+06, 6.000000e+02, 2.852239e-02, 1.624841e-21, 4.514525e-22, 2.263540e-01, 3.243078e-23
47.895792, 7.468151e+00, 2.665303e+02, 1.781602e+06, 6.000000e+02, 2.852239e-02, 1.688660e-21, 4.691757e-22, 2.263540e-01, 3.370338e-23
48.096192, 7.173965e+00, 2.861967e+02, 1.711421e+06, 6.000000e+02, 2.852239e-02, 1.756847e-21, 4.881110e-22, 2.263540e-01, 3.506302e-23
48.296593, 6.883444e+00, 3.063891e+02, 1.642114e+06, 6.000000e+02, 2.852239e-02, 1.829859e-21, 5.083850e-22, 2.263540e-01, 3.651883e-23
48.496994, 6.596213e+00, 3.271721e+02, 1.573592e+06, 6.000000e+02, 2.852239e-02, 1.908325e-21, 5.301717e-22, 2.263540e-01, 3.808332e-23
48.697395, 6.311399e+00, 3.486582e+02, 1.505647e+06, 6.000000e+02, 2.852239e-02, 1.993148e-21, 5.537207e-22, 2.263540e-01, 3.977446e-23
48.897796, 6.027354e+00, 3.710403e+02, 1.437885e+06, 6.000000e+02, 2.852239e-02, 2.085701e-21, 5.794120e-22, 2.263540e-01, 4.161957e-23
49.098196, 5.741066e+00, 3.946610e+02, 1.369588e+06, 6.000000e+02, 2.852239e-02, 2.188247e-21, 6.078703e-22, 2.263540e-01, 4.366367e-23
49.298597, 5.446786e+00, 4.201744e+02, 1.299385e+06, 6.000000e+02, 2.852239e-02, 2.304923e-21, 6.402372e-22, 2.263540e-01, 4.598897e-23
49.498998, 5.132252e+00, 4.489985e+02, 1.224350e+06, 6.000000e+02, 2.852239e-02, 2.444533e-21, 6.789391e-22, 2.263540e-01, 4.877037e-23
49.699399, 4.765388e+00, 4.849519e+02, 1.136831e+06, 6.000000e+02, 2.852239e-02, 2.630961e-21, 7.305395e-22, 2.263540e-01, 5.248159e-23
49.899800, 4.219640e+00, 5.440414e+02, 1.006637e+06, 6.000000e+02, 2.852239e-02, 2.969305e-21, 8.237841e-22, 2.263540e-01, 5.920191e-23
50.100200, 2.452639e+00, 9.580506e+02, 3.039750e+03, 3.000000e+02, 2.852239e-02, 2.941373e-21, 8.159321e-22, 2.263540e-01, 5.864045e-23
50.300601, 2.454988e+00, 9.576483e+02, 3.039750e+03, 3.000000e+02, 2.852239e-02, 2.936733e-21, 8.146295e-22, 2.263540e-01, 5.854664e-23
50.501002, 2.457558e+00, 9.572239e+02, 3.039750e+03, 3.000000e+02, 2.852239e-02, 2.932487e-21, 8.134354e-22, 2.263540e-01, 5.846068e-23
50.701403, 2.460378e+00, 9.567763e+02, 3.039750e+03, 3.000000e+02, 2.852239e-02, 2.928312e-21, 8.122615e-22, 2.263540e-01, 5.837618e-23
50.901804, 2.463479e+00, 9.563039e+02, 3.039750e+03, 3.000000e+02, 2.852239e-02, 2.924261e-21, 8.111219e-22, 2.263540e-01, 5.829415e-23
51.102204, 2.466894e+00, 9.558052e+02, 3.039750e+03, 3.000000e+02, 2.852239e-02, 2.920350e-21, 8.100215e-22, 2.263540e-01, 5.821493e-23
51.302605, 2.470659e+00, 9.552783e+02, 3.039750e+03, 3.000000e+02, 2.852239e-02, 2.916546e-21, 8.089510e-22, 2.263540e-01, 5.813787e-23
51.503006, 2.474816e+00, 9.547212e+02, 3.039750e+03, 3.000000e+02, 2.852239e-02, 2.912778e-21, 8.078907e-22, 2.263540e-01, 5.806155e-23
51.703407, 2.479414e+00, 9.541315e+02, 3.039750e+03, 3.000000e+02, 2.852239e-02, 2.908960e-21, 8.068166e-22, 2.263540e-01, 5.798425e-23
51.903808, 2.484507e+00, 9.535064e+02, 3.039750e+03, 3.000000e+02, 2.852239e-02, 2.905012e-21, 8.057059e-22, 2.263540e-01, 5.790435e-23
52.104208, 2.490164e+00, 9.528425e+02, 3.039750e+03, 3.000000e+02, 2.852239e-02, 2.900863e-21, 8.045392e-22, 2.263540e-01, 5.782044e-23
52.304609, 2.496464e+00, 9.521359e+02, 3.039750e+03, 3.000000e+02, 2.852239e-02, 2.896458e-21, 8.033009e-22, 2.263540e-01, 5.773141e-23
52.505010, 2.503503e+00, 9.513820e+02, 3.039750e+03, 3.000000e+02, 2.852239e-02, 2.891751e-21, 8.019782e-22, 2.263540e-01, 5.763636e-23
52.705411, 2.511399e+00, 9.505751e+02, 3.039750e+03, 3.000000e+02, 2.852239e-02, 2.886699e-21, 8.005594e-22, 2.263540e-01, 5.753442e-23
52.905812, 2.520305e+00, 9.497087e+02, 3.039750e+03, 3.000000e+02, 2.852239e-02, 2.881260e-21, 7.990322e-22, 2.263540e-01, 5.742474e-23
53.106212, 2.530418e+00, 9.487746e+02, 3.039750e+03, 3.000000e+02, 2.852239e-02, 2.875380e-21, 7.973823e-22, 2.263540e-01, 5.730628e-23
53.306613, 2.542013e+00, 9.477621e+02, 3.039750e+03, 3.000000e+02, 2.852239e-02, 2.868998e-21, 7.955919e-22, 2.263540e-01, 5.717776e-23
53.507014, 2.555483e+00, 9.466572e+02, 3.039750e+03, 3.000000e+02, 2.852239e-02, 2.862027e-21, 7.936374e-22, 2.263540e-01, 5.703750e-23
53.707415, 2.571416e+00, 9.454404e+02, 3.039750e+03, 3.000000e+02, 2.852238e-02, 2.854353e-21, 7.914865e-22, 2.263540e-01, 5.688318e-23
53.907816, 2.590717e+00, 9.440827e+02, 3.039750e+03, 3.000000e+02, 2.852237e-02, 2.845811e-21, 7.890933e-22, 2.263540e-01, 5.671151e-23
54.108216, 2.614799e+00, 9.425402e+02, 3.039750e+03, 3.000000e+02, 2.852235e-02, 2.836156e-21, 7.863899e-22, 2.263540e-01, 5.651761e-23
54.308617, 2.645847e+00, 9.407451e+02, 3.039750e+03, 3.000000e+02, 2.852230e-02, 2.825021e-21, 7.832737e-22, 2.263540e-01, 5.629415e-23
54.509018, 2.687163e+00, 9.385924e+02, 3.039750e+03, 3.000000e+02, 2.852217e-02, 2.811853e-21, 7.795912e-22, 2.263541e-01, 5.603007e-23
54.709419, 2.743532e+00, 9.359256e+02, 3.039750e+03, 3.000000e+02, 2.852186e-02, 2.795842e-21, 7.751176e-22, 2.263541e-01, 5.570925e-23
54.909820, 2.821483e+00, 9.325228e+02, 3.039750e+03, 3.000000e+02, 2.852122e-02, 2.775873e-21, 7.695428e-22, 2.263543e-01, 5.530942e-23
55.110220, 2.929221e+00, 9.280965e+02, 3.039750e+03, 3.000000e+02, 2.851989e-02, 2.750539e-21, 7.624765e-22, 2.263546e-01, 5.480253e-23
55.310621, 3.075900e+00, 9.223207e+02, 3.039750e+03, 3.000000e+02, 2.851732e-02, 2.718307e-21, 7.534940e-22, 2.263552e-01, 5.415807e-23
55.511022, 3.269900e+00, 9.148958e+02, 3.039750e+03, 3.000000e+02, 2.851266e-02, 2.677868e-21, 7.422326e-22, 2.263562e-01, 5.334996e-23
55.711423, 3.515988e+00, 9.056401e+02, 3.039750e+03, 3.000000e+02, 2.850474e-02, 2.628592e-21, 7.285196e-22, 2.263581e-01, 5.236575e-23
55.911824, 3.811684e+00, 8.945685e+02, 3.039750e+03, 3.000000e+02, 2.849204e-02, 2.570896e-21, 7.124720e-22, 2.263610e-01, 5.121379e-23
56.112224, 4.143807e+00, 8.819086e+02, 3.039750e+03, 3.000000e+02, 2.847282e-02, 2.506262e-21, 6.945032e-22, 2.263654e-01, 4.992371e-23
56.312625, 4.486667e+00, 8.680397e+02, 3.039750e+03, 3.000000e+02, 2.844506e-02, 2.436880e-21, 6.752224e-22, 2.263718e-01, 4.853927e-23
56.513026, 4.803267e+00, 8.533864e+02, 3.039750e+03, 3.000000e+02, 2.840637e-02, 2.365100e-21, 6.552820e-22, 2.263807e-01, 4.710729e-23
56.713427, 5.050051e+00, 8.383195e+02, 3.039750e+03, 3.000000e+02, 2.835379e-02, 2.292950e-21, 6.352451e-22, 2.263928e-01, 4.566823e-23
56.913828, 5.184443e+00, 8.230951e+02, 3.039750e+03, 3.000000e+02, 2.828345e-02, 2.221881e-21, 6.155139e-22, 2.264089e-01, 4.425098e-23
57.114228, 5.173256e+00, 8.078326e+02, 3.039750e+03, 3.000000e+02, 2.819011e-02, 2.152711e-21, 5.963148e-22, 2.264304e-01, 4.287182e-23
57.314629, 4.999623e+00, 7.925146e+02, 3.039750e+03, 3.000000e+02, 2.806652e-02, 2.085690e-21, 5.777164e-22, 2.264588e-01, 4.153570e-23
57.515030, 4.666537e+00, 7.769908e+02, 3.039750e+03, 3.000000e+02, 2.790259e-02, 2.020579e-21, 5.596523e-22, 2.264965e-01, 4.023784e-23
57.715431, 4.196237e+00, 7.609694e+02, 3.039750e+03, 3.000000e+02, 2.768408e-02, 1.956702e-21, 5.419344e-22, 2.265467e-01, 3.896475e-23
57.915832, 3.625897e+00, 7.439856e+02, 3.039750e+03, 3.000000e+02, 2.739053e-02, 1.892911e-21, 5.242445e-22, 2.266141e-01, 3.769354e-23
58.116232, 3.001061e+00, 7.253302e+02, 3.039750e+03, 3.000000e+02, 2.699189e-02, 1.827437e-21, 5.060927e-22, 2.267058e-01, 3.638900e-23
58.316633, 2.368598e+00, 7.039102e+02, 3.039750e+03, 3.000000e+02, 2.644261e-02, 1.757556e-21, 4.867238e-22, 2.268320e-01, 3.499685e-23
58.517034, 1.770716e+00, 6.779784e+02, 3.039750e+03, 3.000000e+02, 2.567060e-02, 1.678903e-21, 4.649290e-22, 2.270094e-01, 3.343016e-23
58.717435, 1.240990e+00, 6.445870e+02, 3.039750e+03, 3.000000e+02, 2.455544e-02, 1.584090e-21, 4.386626e-22, 2.272657e-01, 3.154184e-23
58.917836, 8.024472e-01, 5.984387e+02, 3.039750e+03, 3.000000e+02, 2.288297e-02, 1.459835e-21, 4.042463e-22, 2.276501e-01, 2.906740e-23
59.118236, 4.671704e-01, 5.295052e+02, 3.039750e+03, 3.000000e+02, 2.025186e-02, 1.281058e-21, 3.547355e-22, 2.282548e-01, 2.550749e-23
59.318637, 2.358521e-01, 4.218518e+02, 3.039750e+03, 3.000000e+02, 1.591223e-02, 1.000687e-21, 2.770958e-22, 2.292522e-01, 1.992484e-23
59.519038, 1.015136e-01, 2.652011e+02, 3.039750e+03, 3.000000e+02, 8.878960e-03, 5.564238e-22, 1.540759e-22, 2.308686e-01, 1.107901e-23
59.719439, 4.802626e-02, 8.858272e+01, 3.039750e+03, 3.000000e+02, 1.727696e-03, 1.080769e-22, 2.992681e-23, 2.325121e-01, 2.151925e-24
59.919840, 3.648244e-02, 1.111299e+01, 3.039750e+03, 3.000000e+02, 3.527073e-05, 2.204463e-24, 6.104216e-25, 2.329011e-01, 4.389316e-26
60.120240, 3.526114e-02, 8.961833e-01, 3.039750e+03, 3.000000e+02, 4.440818e-08, 2.774225e-27, 7.681897e-28, 2.329092e-01, 5.523770e-29
60.320641, 3.516684e-02, 6.828388e-02, 3.039750e+03, 3.000000e+02, 3.589617e-12, 2.241793e-31, 6.207575e-32, 2.329092e-01, 4.463640e-33
60.521042, 3.515970e-02, 5.185585e-03, 3.039750e+03, 3.000000e+02, 1.976127e-17, 1.233884e-36, 3.416652e-37, 2.329092e-01, 2.456790e-38
60.721443, 3.515916e-02, 3.941556e-04, 3.039750e+03, 3.000000e+02, 7.677279e-24, 4.792978e-43, 1.327186e-43, 2.329092e-01, 9.543310e-45
60.921844, 3.515911e-02, 2.999236e-05, 3.039750e+03, 3.000000e+02, 2.153685e-31, 1.344425e-50, 3.722740e-51, 2.329092e-01, 2.676887e-52
61.122244, 3.515911e-02, 2.284361e-06, 3.039750e+03, 3.000000e+02, 4.431091e-40, 2.765880e-59, 7.658777e-60, 2.329092e-01, 5.507149e-61
61.322645, 3.515911e-02, 1.741193e-07, 3.039750e+03, 3.000000e+02, 6.760097e-50, 4.219415e-69, 1.168365e-69, 2.329092e-01, 8.401287e-71
61.523046, 3.515911e-02, 1.327900e-08, 3.039750e+03, 3.000000e+02, 7.707545e-61, 4.810588e-80, 1.332061e-80, 2.329092e-01, 9.578377e-82
61.723447, 3.515911e-02, 1.013033e-09, 3.039750e+03, 3.000000e+02, 6.604665e-73, 4.122105e-92, 1.141420e-92, 2.329092e-01, 8.207546e-94
61.923848, 3.515911e-02, 7.729005e-11, 3.039750e+03, 3.000000e+02, 4.271083e-86, 2.665581e-105, 7.380917e-106, 2.329092e-01, 5.307168e-107
62.124248, 3.515911e-02, 5.893707e-12, 3.039750e+03, 3.000000e+02, 2.088272e-100, 1.304907e-119, 3.610150e-120, 2.329092e-01, 2.596843e-121
62.324649, 3.515911e-02, 4.476779e-13, 3.039750e+03, 3.000000e+02, 7.709847e-116, 4.802664e-135, 1.327306e-135, 2.329092e-01, 9.647077e-137
62.525050, 3.515911e-02, 3.361589e-14, 3.039750e+03, 3.000000e+02, 1.968628e-132, 1.165092e-151, 4.056318e-152, 2.329092e-01, 2.407552e-153
62.725451, 3.515911e-02, 0.000000e+00, 3.039750e+03, 3.000000e+02, -8.320953e-150, -3.142334e-169, -2.153060e-169, 2.329092e-01, -1.404019e-170
62.925852, 3.515911e-02, 0.000000e+00, 3.039750e+03, 3.000000e+02, 0.000000e+00, 0.000000e+00, 0.000000e+00, 2.329092e-01, 0.000000e+00
63.126253, 3.515911e-02, 0.000000e+00, 3.039750e+03, 3.000000e+02, 0.000000e+00, 0.000000e+00, 0.000000e+00, 2.329092e-01, 0.000000e+00
63.326653, 3.515911e-02, 0.000000e+00, 3.039750e+03, 3.000000e+02, 0.000000e+00, 0.000000e+00, 0.000000e+00, 2.329092e-01, 0.000000e+00
63.527054, 3.515911e-02, 0.000000e+00, 3.039750e+03, 3.000000e+02, 0.000000e+00, 0.000000e+00, 0.000000e+00, 2.329092e-01, 0.000000e+00
63.727455, 3.515911e-02, 0.000000e+00, 3.039750e+03, 3.000000e+02, 0.000000e+00, 0.000000e+00, 0.000000e+00, 2.329092e-01, 0.000000e+00
63.927856, 3.515911e-02, 0.000000e+00, 3.039750e+03, 3.000000e+02, 0.000000e+00, 0.000000e+00, 0.000000e+00, 2.329092e-01, 0.000000e+00
64.128257, 3.515911e-02, 0.000000e+00, 3.039750e+03, 3.000000e+02, 0.000000e+00, 0.000000e+00, 0.000000e+00, 2.329092e-01, 0.000000e+00
64.328657, 3.515911e-02, 0.000000e+00, 3.039750e+03, 3.000000e+02, 0.000000e+00, 0.000000e+00, 0.000000e+00, 2.329092e-01, 0.000000e+00
64.529058, 3.515911e-02, 0.000000e+00, 3.039750e+03, 3.000000e+02, 0.000000e+00, 0.000000e+00, 0.000000e+00, 2.329092e-01, 0.000000e+00
64.729459, 3.515911e-02, 0.000000e+00, 3.039750e+03, 3.000000e+02, 0.000000e+00, 0.000000e+00, 0.000000e+00, 2.329092e-01, 0.000000e+00
64.929860, 3.515911e-02, 0.000000e+00, 3.039750e+03, 3.000000e+02, 0.000000e+00, 0.000000e+00, 0.000000e+00, 2.329092e-01, 0.000000e+00
65.130261, 3.515911e-02, 0.000000e+00, 3.039750e+03, 3.000000e+02, 0.000000e+00, 0.000000e+00, 0.000000e+00, 2.329092e-01, 0.000000e+00
65.330661, 3.515911e-02, 0.000000e+00, 3.039750e+03, 3.000000e+02, 0.000000e+00, 0.000000e+00, 0.000000e+00, 2.329092e-01, 0.000000e+00
65.531062, 3.515911e-02, 0.000000e+00, 3.039750e+03, 3.000000e+02, 0.000000e+00, 0.000000e+00, 0.000000e+00, 2.329092e-01, 0.000000e+00
65.731463, 3.515911e-02, 0.000000e+00, 3.039750e+03, 3.000000e+02, 0.000000e+00, 0.000000e+00, 0.000000e+00, 2.329092e-01, 0.000000e+00
65.931864, 3.515911e-02, 0.000000e+00, 3.039750e+03, 3.000000e+02, 0.000000e+00, 0.000000e+00, 0.000000e+00, 2.329092e-01, 0.000000e+00
66.132265, 3.515911e-02, 0.000000e+00, 3.039750e+03, 3.000000e+02, 0.000000e+00, 0.000000e+00, 0.000000e+00, 2.329092e-01, 0.000000e+00
66.332665, 3.515911e-02, 0.000000e+00, 3.039750e+03, 3.000000e+02, 0.000000e+00, 0.000000e+00, 0.000000e+00, 2.329092e-01, 0.000000e+00
66.533066, 3.515911e-02, 0.000000e+00, 3.039750e+03, 3.000000e+02, 0.000000e+00, 0.000000e+00, 0.000000e+00, 2.329092e-01, 0.000000e+00
66.733467, 3.515911e-02, 0.000000e+00, 3.039750e+03, 3.000000e+02, 0.000000e+00, 0.000000e+00, 0.000000e+00, 2.329092e-01, 0.000000e+00
66.933868, 3.515911e-02, 0.000000e+00, 3.039750e+03, 3.000000e+02, 0.000000e+00, 0.000000e+00, 0.000000e+00, 2.329092e-01, 0.000000e+00
67.134269, 3.515911e-02, 0.000000e+00, 3.039750e+03, 3.000000e+02, 0.000000e+00, 0.000000e+00, 0.000000e+00, 2.329092e-01, 0.000000e+00
67.334669, 3.515911e-02, 0.000000e+00, 3.039750e+03, 3.000000e+02, 0.000000e+00, 0.000000e+00, 0.000000e+00, 2.329092e-01, 0.000000e+00
67.535070, 3.515911e-02, 0.000000e+00, 3.039750e+03, 3.000000e+02, 0.000000e+00, 0.000000e+00, 0.000000e+00, 2.329092e-01, 0.000000e+00
67.735471, 3.515911e-02, 0.000000e+00, 3.039750e+03, 3.000000e+02, 0.000000e+00, 0.000000e+00, 0.000000e+00, 2.329092e-01, 0.000000e+00
67.935872, 3.515911e-02, 0.000000e+00, 3.039750e+03, 3.000000e+02, 0.000000e+00, 0.000000e+00, 0.000000e+00, 2.329092e-01, 0.000000e+00
68.136273, 3.515911e-02, 0.000000e+00, 3.039750e+03, 3.000000e+02, 0.000000e+00, 0.000000e+00, 0.000000e+00, 2.329092e-01, 0.000000e+00
68.336673, 3.515911e-02, 0.000000e+00, 3.039750e+03, 3.000000e+02, 0.000000e+00, 0.000000e+00, 0.000000e+00, 2.329092e-01, 0.000000e+00
68.537074, 3.515911e-02, 0.000000e+00, 3.039750e+03, 3.000000e+02, 0.000000e+00, 0.000000e+00, 0.000000e+00, 2.329092e-01, 0.000000e+00
68.737475, 3.515911e-02, 0.000000e+00, 3.039750e+03, 3.000000e+02, 0.000000e+00, 0.000000e+00, 0.000000e+00, 2.329092e-01, 0.000000e+00
68.937876, 3.515911e-02, 0.000000e+00, 3.039750e+03, 3.000000e+02, 0.000000e+00, 0.000000e+00, 0.000000e+00, 2.329092e-01, 0.000000e+00
69.138277, 3.515911e-02, 0.000000e+00, 3.039750e+03, 3.000000e+02, 0.000000e+00, 0.000000e+00, 0.000000e+00, 2.329092e-01, 0.000000e+00
69.338677, 3.515911e-02, 0.000000e+00, 3.039750e+03, 3.000000e+02, 0.000000e+00, 0.000000e+00, 0.000000e+00, 2.329092e-01, 0.000000e+00
69.539078, 3.515911e-02, 0.000000e+00, 3.039750e+03, 3.000000e+02, 0.000000e+00, 0.000000e+00, 0.000000e+00, 2.329092e-01, 0.000000e+00
69.739479, 3.515911e-02, 0.000000e+00, 3.039750e+03, 3.000000e+02, 0.000000e+00, 0.000000e+00, 0.000000e+00, 2.329092e-01, 0.000000e+00
69.939880, 3.515911e-02, 0.000000e+00, 3.039750e+03, 3.000000e+02, 0.000000e+00, 0.000000e+00, 0.000000e+00, 2.329092e-01, 0.000000e+00
70.140281, 3.515911e-02, 0.000000e+00, 3.039750e+03, 3.000000e+02, 0.000000e+00, 0.000000e+00, 0.000000e+00, 2.329092e-01, 0.000000e+00
70.340681, 3.515911e-02, 0.000000e+00, 3.039750e+03, 3.000000e+02, 0.000000e+00, 0.000000e+00, 0.000000e+00, 2.329092e-01, 0.000000e+00
70.541082, 3.515911e-02, 0.000000e+00, 3.039750e+03, 3.000000e+02, 0.000000e+00, 0.000000e+00, 0.000000e+00, 2.329092e-01, 0.000000e+00
70.741483, 3.515911e-02, 0.000000e+00, 3.039750e+03, 3.000000e+02, 0.000000e+00, 0.000000e+00, 0.000000e+00, 2.329092e-01, 0.000000e+00
70.941884, 3.515911e-02, 0.000000e+00, 3.039750e+03, 3.000000e+02, 0.000000e+00, 0.000000e+00, 0.000000e+00, 2.329092e-01, 0.000000e+00
71.142285, 3.515911e-02, 0.000000e+00, 3.039750e+03, 3.000000e+02, 0.000000e+00, 0.000000e+00, 0.000000e+00, 2.329092e-01, 0.000000e+00
71.342685, 3.515911e-02, 0.000000e+00, 3.039750e+03, 3.000000e+02, 0.000000e+00, 0.000000e+00, 0.000000e+00, 2.329092e-01, 0.000000e+00
71.543086, 3.515911e-02, 0.000000e+00, 3.039750e+03, 3.000000e+02, 0.000000e+00, 0.000000e+00, 0.000000e+00, 2.329092e-01, 0.000000e+00
71.743487, 3.515911e-02, 0.000000e+00, 3.039750e+03, 3.000000e+02, 0.000000e+00, 0.000000e+00, 0.000000e+00, 2.329092e-01, 0.000000e+00
71.943888, 3.515911e-02, 0.000000e+00, 3.039750e+03, 3.000000e+02, 0.000000e+00, 0.000000e+00, 0.000000e+00, 2.329092e-01, 0.000000e+00
72.144289, 3.515911e-02, 0.000000e+00, 3.039750e+03, 3.000000e+02, 0.000000e+00, 0.000000e+00, 0.000000e+00, 2.329092e-01, 0.000000e+00
72.344689, 3.515911e-02, 0.000000e+00, 3.039750e+03, 3.000000e+02, 0.000000e+00, 0.000000e+00, 0.000000e+00, 2.329092e-01, 0.000000e+00
72.545090, 3.515911e-02, 0.000000e+00, 3.039750e+03, 3.000000e+02, 0.000000e+00, 0.000000e+00, 0.000000e+00, 2.329092e-01, 0.000000e+00
72.745491, 3.515911e-02, 0.000000e+00, 3.039750e+03, 3.000000e+02, 0.000000e+00, 0.000000e+00, 0.000000e+00, 2.329092e-01, 0.000000e+00
72.945892, 3.515911e-02, 0.000000e+00, 3.039750e+03, 3.000000e+02, 0.000000e+00, 0.000000e+00, 0.000000e+00, 2.329092e-01, 0.000000e+00
73.146293, 3.515911e-02, 0.000000e+00, 3.039750e+03, 3.000000e+02, 0.000000e+00, 0.000000e+00, 0.000000e+00, 2.329092e-01, 0.000000e+00
73.346693, 3.515911e-02, 0.000000e+00, 3.039750e+03, 3.000000e+02, 0.000000e+00, 0.000000e+00, 0.000000e+00, 2.329092e-01, 0.000000e+00
73.547094, 3.515911e-02, 0.000000e+00, 3.039750e+03, 3.000000e+02, 0.000000e+00, 0.000000e+00, 0.000000e+00, 2.329092e-01, 0.000000e+00
73.747495, 3.515911e-02, 0.000000e+00, 3.039750e+03, 3.000000e+02, 0.000000e+00, 0.000000e+00, 0.000000e+00, 2.329092e-01, 0.000000e+00
73.947896, 3.515911e-02, 0.000000e+00, 3.039750e+03, 3.000000e+02, 0.000000e+00, 0.000000e+00, 0.000000e+00, 2.329092e-01, 0.000000e+00
74.148297, 3.515911e-02, 0.000000e+00, 3.039750e+03, 3.000000e+02, 0.000000e+00, 0.000000e+00, 0.000000e+00, 2.329092e-01, 0.000000e+00
74.348697, 3.515911e-02, 0.000000e+00, 3.039750e+03, 3.000000e+02, 0.000000e+00, 0.000000e+00, 0.000000e+00, 2.329092e-01, 0.000000e+00
74.549098, 3.515911e-02, 0.000000e+00, 3.039750e+03, 3.000000e+02, 0.000000e+00, 0.000000e+00, 0.000000e+00, 2.329092e-01, 0.000000e+00
74.749499, 3.515911e-02, 0.000000e+00, 3.039750e+03, 3.000000e+02, 0.000000e+00, 0.000000e+00, 0.000000e+00, 2.329092e-01, 0.000000e+00
74.949900, 3.515911e-02, 0.000000e+00, 3.039750e+03, 3.000000e+02, 0.000000e+00, 0.000000e+00, 0.000000e+00, 2.329092e-01, 0.000000e+00
75.150301, 3.515911e-02, 0.000000e+00, 3.039750e+03, 3.000000e+02, 0.000000e+00, 0.000000e+00, 0.000000e+00, 2.329092e-01, 0.000000e+00
75.350701, 3.515911e-02, 0.000000e+00, 3.039750e+03, 3.000000e+02, 0.000000e+00, 0.000000e+00, 0.000000e+00, 2.329092e-01, 0.000000e+00
75.551102, 3.515911e-02, 0.000000e+00, 3.039750e+03, 3.000000e+02, 0.000000e+00, 0.000000e+00, 0.000000e+00, 2.329092e-01, 0.000000e+00
75.751503, 3.515911e-02, 0.000000e+00, 3.039750e+03, 3.000000e+02, 0.000000e+00, 0.000000e+00, 0.000000e+00, 2.329092e-01, 0.000000e+00
75.951904, 3.515911e-02, 0.000000e+00, 3.039750e+03, 3.000000e+02, 0.000000e+00, 0.000000e+00, 0.000000e+00, 2.329092e-01, 0.000000e+00
76.152305, 3.515911e-02, 0.000000e+00, 3.039750e+03, 3.000000e+02, 0.000000e+00, 0.000000e+00, 0.000000e+00, 2.329092e-01, 0.000000e+00
76.352705, 3.515911e-02, 0.000000e+00, 3.039750e+03, 3.000000e+02, 0.000000e+00, 0.000000e+00, 0.000000e+00, 2.329092e-01, 0.000000e+00
76.553106, 3.515911e-02, 0.000000e+00, 3.039750e+03, 3.000000e+02, 0.000000e+00, 0.000000e+00, 0.000000e+00, 2.329092e-01, 0.000000e+00
76.753507, 3.515911e-02, 0.000000e+00, 3.039750e+03, 3.000000e+02, 0.000000e+00, 0.000000e+00, 0.000000e+00, 2.329092e-01, 0.000000e+00
76.953908, 3.515911e-02, 0.000000e+00, 3.039750e+03, 3.000000e+02, 0.000000e+00, 0.000000e+00, 0.000000e+00, 2.329092e-01, 0.000000e+00
77.154309, 3.515911e-02, 0.000000e+00, 3.039750e+03, 3.000000e+02, 0.000000e+00, 0.000000e+00, 0.000000e+00, 2.329092e-01, 0.000000e+00
77.354709, 3.515911e-02, 0.000000e+00, 3.039750e+03, 3.000000e+02, 0.000000e+00, 0.000000e+00, 0.000000e+00, 2.329092e-01, 0.000000e+00
77.555110, 3.515911e-02, 0.000000e+00, 3.039750e+03, 3.000000e+02, 0.000000e+00, 0.000000e+00, 0.000000e+00, 2.329092e-01, 0.000000e+00
77.755511, 3.515911e-02, 0.000000e+00, 3.039750e+03, 3.000000e+02, 0.000000e+00, 0.000000e+00, 0.000000e+00, 2.329092e-01, 0.000000e+00
77.955912, 3.515911e-02, 0.000000e+00, 3.039750e+03, 3.000000e+02, 0.000000e+00, 0.000000e+00, 0.000000e+00, 2.329092e-01, 0.000000e+00
78.156313, 3.515911e-02, 0.000000e+00, 3.039750e+03, 3.000000e+02, 0.000000e+00, 0.000000e+00, 0.000000e+00, 2.329092e-01, 0.000000e+00
78.356713, 3.515911e-02, 0.000000e+00, 3.039750e+03, 3.000000e+02, 0.000000e+00, 0.000000e+00, 0.000000e+00, 2.329092e-01, 0.000000e+00
78.557114, 3.515911e-02, 0.000000e+00, 3.039750e+03, 3.000000e+02, 0.000000e+00, 0.000000e+00, 0.000000e+00, 2.329092e-01, 0.000000e+00
78.757515, 3.515911e-02, 0.000000e+00, 3.039750e+03, 3.000000e+02, 0.000000e+00, 0.000000e+00, 0.000000e+00, 2.329092e-01, 0.000000e+00
78.957916, 3.515911e-02, 0.000000e+00, 3.039750e+03, 3.000000e+02, 0.000000e+00, 0.000000e+00, 0.000000e+00, 2.329092e-01, 0.000000e+00
79.158317, 3.515911e-02, 0.000000e+00, 3.039750e+03, 3.000000e+02, 0.000000e+00, 0.000000e+00, 0.000000e+00, 2.329092e-01, 0.000000e+00
79.358717, 3.515911e-02, 0.000000e+00, 3.039750e+03, 3.000000e+02, 0.000000e+00, 0.000000e+00, 0.000000e+00, 2.329092e-01, 0.000000e+00
79.559118, 3.515911e-02, 0.000000e+00, 3.039750e+03, 3.000000e+02, 0.000000e+00, 0.000000e+00, 0.000000e+00, 2.329092e-01, 0.000000e+00
79.759519, 3.515911e-02, 0.000000e+00, 3.039750e+03, 3.000000e+02, 0.000000e+00, 0.000000e+00, 0.000000e+00, 2.329092e-01, 0.000000e+00
79.959920, 3.515911e-02, 0.000000e+00, 3.039750e+03, 3.000000e+02, 0.000000e+00, 0.000000e+00, 0.000000e+00, 2.329092e-01, 0.000000e+00
80.160321, 3.515911e-02, 0.000000e+00, 3.039750e+03, 3.000000e+02, 0.000000e+00, 0.000000e+00, 0.000000e+00, 2.329092e-01, 0.000000e+00
80.360721, 3.515911e-02, 0.000000e+00, 3.039750e+03, 3.000000e+02, 0.000000e+00, 0.000000e+00, 0.000000e+00, 2.329092e-01, 0.000000e+00
80.561122, 3.515911e-02, 0.000000e+00, 3.039750e+03, 3.000000e+02, 0.000000e+00, 0.000000e+00, 0.000000e+00, 2.329092e-01, 0.000000e+00
80.761523, 3.515911e-02, 0.000000e+00, 3.039750e+03, 3.000000e+02, 0.000000e+00, 0.000000e+00, 0.000000e+00, 2.329092e-01, 0.000000e+00
80.961924, 3.515911e-02, 0.000000e+00, 3.039750e+03, 3.000000e+02, 0.000000e+00, 0.000000e+00, 0.000000e+00, 2.329092e-01, 0.000000e+00
81.162325, 3.515911e-02, 0.000000e+00, 3.039750e+03, 3.000000e+02, 0.000000e+00, 0.000000e+00, 0.000000e+00, 2.329092e-01, 0.000000e+00
81.362725, 3.515911e-02, 0.000000e+00, 3.039750e+03, 3.000000e+02, 0.000000e+00, 0.000000e+00, 0.000000e+00, 2.329092e-01, 0.000000e+00
81.563126, 3.515911e-02, 0.000000e+00, 3.039750e+03, 3.000000e+02, 0.000000e+00, 0.000000e+00, 0.000000e+00, 2.329092e-01, 0.000000e+00
81.763527, 3.515911e-02, 0.000000e+00, 3.039750e+03, 3.000000e+02, 0.000000e+00, 0.000000e+00, 0.000000e+00, 2.329092e-01, 0.000000e+00
81.963928, 3.515911e-02, 0.000000e+00, 3.039750e+03, 3.000000e+02, 0.000000e+00, 0.000000e+00, 0.000000e+00, 2.329092e-01, 0.000000e+00
82.164329, 3.515911e-02, 0.000000e+00, 3.039750e+03, 3.000000e+02, 0.000000e+00, 0.000000e+00, 0.000000e+00, 2.329092e-01, 0.000000e+00
82.364729, 3.515911e-02, 0.000000e+00, 3.039750e+03, 3.000000e+02, 0.000000e+00, 0.000000e+00, 0.000000e+00, 2.329092e-01, 0.000000e+00
82.565130, 3.515911e-02, 0.000000e+00, 3.039750e+03, 3.000000e+02, 0.000000e+00, 0.000000e+00, 0.000000e+00, 2.329092e-01, 0.000000e+00
82.765531, 3.515911e-02, 0.000000e+00, 3.039750e+03, 3.000000e+02, 0.000000e+00, 0.000000e+00, 0.000000e+00, 2.329092e-01, 0.000000e+00
82.965932, 3.515911e-02, 0.000000e+00, 3.039750e+03, 3.000000e+02, 0.000000e+00, 0.000000e+00, 0.000000e+00, 2.329092e-01, 0.000000e+00
83.166333, 3.515911e-02, 0.000000e+00, 3.039750e+03, 3.000000e+02, 0.000000e+00, 0.000000e+00, 0.000000e+00, 2.329092e-01, 0.000000e+00
83.366733, 3.515911e-02, 0.000000e+00, 3.039750e+03, 3.000000e+02, 0.000000e+00, 0.000000e+00, 0.000000e+00, 2.329092e-01, 0.000000e+00
83.567134, 3.515911e-02, 0.000000e+00, 3.039750e+03, 3.000000e+02, 0.000000e+00, 0.000000e+00, 0.000000e+00, 2.329092e-01, 0.000000e+00
83.767535, 3.515911e-02, 0.000000e+00, 3.039750e+03, 3.000000e+02, 0.000000e+00, 0.000000e+00, 0.000000e+00, 2.329092e-01, 0.000000e+00
83.967936, 3.515911e-02, 0.000000e+00, 3.039750e+03, 3.000000e+02, 0.000000e+00, 0.000000e+00, 0.000000e+00, 2.329092e-01, 0.000000e+00
84.168337, 3.515911e-02, 0.000000e+00, 3.039750e+03, 3.000000e+02, 0.000000e+00, 0.000000e+00, 0.000000e+00, 2.329092e-01, 0.000000e+00
84.368737, 3.515911e-02, 0.000000e+00, 3.039750e+03, 3.000000e+02, 0.000000e+00, 0.000000e+00, 0.000000e+00, 2.329092e-01, 0.000000e+00
84.569138, 3.515911e-02, 0.000000e+00, 3.039750e+03, 3.000000e+02, 0.000000e+00, 0.000000e+00, 0.000000e+00, 2.329092e-01, 0.000000e+00
84.769539, 3.515911e-02, 0.000000e+00, 3.039750e+03, 3.000000e+02, 0.000000e+00, 0.000000e+00, 0.000000e+00, 2.329092e-01, 0.000000e+00
84.969940, 3.515911e-02, 0.000000e+00, 3.039750e+03, 3.000000e+02, 0.000000e+00, 0.000000e+00, 0.000000e+00, 2.329092e-01, 0.000000e+00
85.170341, 3.515911e-02, 0.000000e+00, 3.039750e+03, 3.000000e+02, 0.000000e+00, 0.000000e+00, 0.000000e+00, 2.329092e-01, 0.000000e+00
85.370741, 3.515911e-02, 0.000000e+00, 3.039750e+03, 3.000000e+02, 0.000000e+00, 0.000000e+00, 0.000000e+00, 2.329092e-01, 0.000000e+00
85.571142, 3.515911e-02, 0.000000e+00, 3.039750e+03, 3.000000e+02, 0.000000e+00, 0.000000e+00, 0.000000e+00, 2.329092e-01, 0.000000e+00
85.771543, 3.515911e-02, 0.000000e+00, 3.039750e+03, 3.000000e+02, 0.000000e+00, 0.000000e+00, 0.000000e+00, 2.329092e-01, 0.000000e+00
85.971944, 3.515911e-02, 0.000000e+00, 3.039750e+03, 3.000000e+02, 0.000000e+00, 0.000000e+00, 0.000000e+00, 2.329092e-01, 0.000000e+00
86.172345, 3.515911e-02, 0.000000e+00, 3.039750e+03, 3.000000e+02, 0.000000e+00, 0.000000e+00, 0.000000e+00, 2.329092e-01, 0.000000e+00
86.372745, 3.515911e-02, 0.000000e+00, 3.039750e+03, 3.000000e+02, 0.000000e+00, 0.000000e+00, 0.000000e+00, 2.329092e-01, 0.000000e+00
86.573146, 3.515911e-02, 0.000000e+00, 3.039750e+03, 3.000000e+02, 0.000000e+00, 0.000000e+00, 0.000000e+00, 2.329092e-01, 0.000000e+00
86.773547, 3.515911e-02, 0.000000e+00, 3.039750e+03, 3.000000e+02, 0.000000e+00, 0.000000e+00, 0.000000e+00, 2.329092e-01, 0.000000e+00
86.973948, 3.515911e-02, 0.000000e+00, 3.039750e+03, 3.000000e+02, 0.000000e+00, 0.000000e+00, 0.000000e+00, 2.329092e-01, 0.000000e+00
87.174349, 3.515911e-02, 0.000000e+00, 3.039750e+03, 3.000000e+02, 0.000000e+00, 0.000000e+00, 0.000000e+00, 2.329092e-01, 0.000000e+00
87.374749, 3.515911e-02, 0.000000e+00, 3.039750e+03, 3.000000e+02, 0.000000e+00, 0.000000e+00, 0.000000e+00, 2.329092e-01, 0.000000e+00
87.575150, 3.515911e-02, 0.000000e+00, 3.039750e+03, 3.000000e+02, 0.000000e+00, 0.000000e+00, 0.000000e+00, 2.329092e-01, 0.000000e+00
87.775551, 3.515911e-02, 0.000000e+00, 3.039750e+03, 3.000000e+02, 0.000000e+00, 0.000000e+00, 0.000000e+00, 2.329092e-01, 0.000000e+00
87.975952, 3.515911e-02, 0.000000e+00, 3.039750e+03, 3.000000e+02, 0.000000e+00, 0.000000e+00, 0.000000e+00, 2.329092e-01, 0.000000e+00
88.176353, 3.515911e-02, 0.000000e+00, 3.039750e+03, 3.000000e+02, 0.000000e+00, 0.000000e+00, 0.000000e+00, 2.329092e-01, 0.000000e+00
88.376754, 3.515911e-02, 0.000000e+00, 3.039750e+03, 3.000000e+02, 0.000000e+00, 0.000000e+00, 0.000000e+00, 2.329092e-01, 0.000000e+00
88.577154, 3.515911e-02, 0.000000e+00, 3.039750e+03, 3.000000e+02, 0.000000e+00, 0.000000e+00, 0.000000e+00, 2.329092e-01, 0.000000e+00
88.777555, 3.515911e-02, 0.000000e+00, 3.039750e+03, 3.000000e+02, 0.000000e+00, 0.000000e+00, 0.000000e+00, 2.329092e-01, 0.000000e+00
88.977956, 3.515911e-02, 0.000000e+00, 3.039750e+03, 3.000000e+02, 0.000000e+00, 0.000000e+00, 0.000000e+00, 2.329092e-01, 0.000000e+00
89.178357, 3.515911e-02, 0.000000e+00, 3.039750e+03, 3.000000e+02, 0.000000e+00, 0.000000e+00, 0.000000e+00, 2.329092e-01, 0.000000e+00
89.378758, 3.515911e-02, 0.000000e+00, 3.039750e+03, 3.000000e+02, 0.000000e+00, 0.000000e+00, 0.000000e+00, 2.329092e-01, 0.000000e+00
89.579158, 3.515911e-02, 0.000000e+00, 3.039750e+03, 3.000000e+02, 0.000000e+00, 0.000000e+00, 0.000000e+00, 2.329092e-01, 0.000000e+00
89.779559, 3.515911e-02, 0.000000e+00, 3.039750e+03, 3.000000e+02, 0.000000e+00, 0.000000e+00, 0.000000e+00, 2.329092e-01, 0.000000e+00
89.979960, 3.515911e-02, 0.000000e+00, 3.039750e+03, 3.000000e+02, 0.000000e+00, 0.000000e+00, 0.000000e+00, 2.329092e-01, 0.000000e+00
90.180361, 3.515911e-02, 0.000000e+00, 3.039750e+03, 3.000000e+02, 0.000000e+00, 0.000000e+00, 0.000000e+00, 2.329092e-01, 0.000000e+00
90.380762, 3.515911e-02, 0.000000e+00, 3.039750e+03, 3.000000e+02, 0.000000e+00, 0.000000e+00, 0.000000e+00, 2.329092e-01, 0.000000e+00
90.581162, 3.515911e-02, 0.000000e+00, 3.039750e+03, 3.000000e+02, 0.000000e+00, 0.000000e+00, 0.000000e+00, 2.329092e-01, 0.000000e+00
90.781563, 3.515911e-02, 0.000000e+00, 3.039750e+03, 3.000000e+02, 0.000000e+00, 0.000000e+00, 0.000000e+00, 2.329092e-01, 0.000000e+00
90.981964, 3.515911e-02, 0.000000e+00, 3.039750e+03, 3.000000e+02, 0.000000e+00, 0.000000e+00, 0.000000e+00, 2.329092e-01, 0.000000e+00
91.182365, 3.515911e-02, 0.000000e+00, 3.039750e+03, 3.000000e+02, 0.000000e+00, 0.000000e+00, 0.000000e+00, 2.329092e-01, 0.000000e+00
91.382766, 3.515911e-02, 0.000000e+00, 3.039750e+03, 3.000000e+02, 0.000000e+00, 0.000000e+00, 0.000000e+00, 2.329092e-01, 0.000000e+00
91.583166, 3.515911e-02, 0.000000e+00, 3.039750e+03, 3.000000e+02, 0.000000e+00, 0.000000e+00, 0.000000e+00, 2.329092e-01, 0.000000e+00
91.783567, 3.515911e-02, 0.000000e+00, 3.039750e+03, 3.000000e+02, 0.000000e+00, 0.000000e+00, 0.000000e+00, 2.329092e-01, 0.000000e+00
91.983968, 3.515911e-02, 0.000000e+00, 3.039750e+03, 3.000000e+02, 0.000000e+00, 0.000000e+00, 0.000000e+00, 2.329092e-01, 0.000000e+00
92.184369, 3.515911e-02, 0.000000e+00, 3.039750e+03, 3.000000e+02, 0.000000e+00, 0.000000e+00, 0.000000e+00, 2.329092e-01, 0.000000e+00
92.384770, 3.515911e-02, 0.000000e+00, 3.039750e+03, 3.000000e+02, 0.000000e+00, 0.000000e+00, 0.000000e+00, 2.329092e-01, 0.000000e+00
92.585170, 3.515911e-02, 0.000000e+00, 3.039750e+03, 3.000000e+02, 0.000000e+00, 0.000000e+00, 0.000000e+00, 2.329092e-01, 0.000000e+00
92.785571, 3.515911e-02, 0.000000e+00, 3.039750e+03, 3.000000e+02, 0.000000e+00, 0.000000e+00, 0.000000e+00, 2.329092e-01, 0.000000e+00
92.985972, 3.515911e-02, 0.000000e+00, 3.039750e+03, 3.000000e+02, 0.000000e+00, 0.000000e+00, 0.000000e+00, 2.329092e-01, 0.000000e+00
93.186373, 3.515911e-02, 0.000000e+00, 3.039750e+03, 3.000000e+02, 0.000000e+00, 0.000000e+00, 0.000000e+00, 2.329092e-01, 0.000000e+00
93.386774, 3.515911e-02, 0.000000e+00, 3.039750e+03, 3.000000e+02, 0.000000e+00, 0.000000e+00, 0.000000e+00, 2.329092e-01, 0.000000e+00
93.587174, 3.515911e-02, 0.000000e+00, 3.039750e+03, 3.000000e+02, 0.000000e+00, 0.000000e+00, 0.000000e+00, 2.329092e-01, 0.000000e+00
93.787575, 3.515911e-02, 0.000000e+00, 3.039750e+03, 3.000000e+02, 0.000000e+00, 0.000000e+00, 0.000000e+00, 2.329092e-01, 0.000000e+00
93.987976, 3.515911e-02, 0.000000e+00, 3.039750e+03, 3.000000e+02, 0.000000e+00, 0.000000e+00, 0.000000e+00, 2.329092e-01, 0.000000e+00
94.188377, 3.515911e-02, 0.000000e+00, 3.039750e+03, 3.000000e+02, 0.000000e+00, 0.000000e+00, 0.000000e+00, 2.329092e-01, 0.000000e+00
94.388778, 3.515911e-02, 0.000000e+00, 3.039750e+03, 3.000000e+02, 0.000000e+00, 0.000000e+00, 0.000000e+00, 2.329092e-01, 0.000000e+00
94.589178, 3.515911e-02, 0.000000e+00, 3.039750e+03, 3.000000e+02, 0.000000e+00, 0.000000e+00, 0.000000e+00, 2.329092e-01, 0.000000e+00
94.789579, 3.515911e-02, 0.000000e+00, 3.039750e+03, 3.000000e+02, 0.000000e+00, 0.000000e+00, 0.000000e+00, 2.329092e-01, 0.000000e+00
94.989980, 3.515911e-02, 0.000000e+00, 3.039750e+03, 3.000000e+02, 0.000000e+00, 0.000000e+00, 0.000000e+00, 2.329092e-01, 0.000000e+00
95.190381, 3.515911e-02, 0.000000e+00, 3.039750e+03, 3.000000e+02, 0.000000e+00, 0.000000e+00, 0.000000e+00, 2.329092e-01, 0.000000e+00
95.390782, 3.515911e-02, 0.000000e+00, 3.039750e+03, 3.000000e+02, 0.000000e+00, 0.000000e+00, 0.000000e+00, 2.329092e-01, 0.000000e+00
95.591182, 3.515911e-02, 0.000000e+00, 3.039750e+03, 3.000000e+02, 0.000000e+00, 0.000000e+00, 0.000000e+00, 2.329092e-01, 0.000000e+00
95.791583, 3.515911e-02, 0.000000e+00, 3.039750e+03, 3.000000e+02, 0.000000e+00, 0.000000e+00, 0.000000e+00, 2.329092e-01, 0.000000e+00
95.991984, 3.515911e-02, 0.000000e+00, 3.039750e+03, 3.000000e+02, 0.000000e+00, 0.000000e+00, 0.000000e+00, 2.329092e-01, 0.000000e+00
96.192385, 3.515911e-02, 0.000000e+00, 3.039750e+03, 3.000000e+02, 0.000000e+00, 0.000000e+00, 0.000000e+00, 2.329092e-01, 0.000000e+00
96.392786, 3.515911e-02, 0.000000e+00, 3.039750e+03, 3.000000e+02, 0.000000e+00, 0.000000e+00, 0.000000e+00, 2.329092e-01, 0.000000e+00
96.593186, 3.515911e-02, 0.000000e+00, 3.039750e+03, 3.000000e+02, 0.000000e+00, 0.000000e+00, 0.000000e+00, 2.329092e-01, 0.000000e+00
96.793587, 3.515911e-02, 0.000000e+00, 3.039750e+03, 3.000000e+02, 0.000000e+00, 0.000000e+00, 0.000000e+00, 2.329092e-01, 0.000000e+00
96.993988, 3.515911e-02, 0.000000e+00, 3.039750e+03, 3.000000e+02, 0.000000e+00, 0.000000e+00, 0.000000e+00, 2.329092e-01, 0.000000e+00
97.194389, 3.515911e-02, 0.000000e+00, 3.039750e+03, 3.000000e+02, 0.000000e+00, 0.000000e+00, 0.000000e+00, 2.329092e-01, 0.000000e+00
97.394790, 3.515911e-02, 0.000000e+00, 3.039750e+03, 3.000000e+02, 0.000000e+00, 0.000000e+00, 0.000000e+00, 2.329092e-01, 0.000000e+00
97.595190, 3.515911e-02, 0.000000e+00, 3.039750e+03, 3.000000e+02, 0.000000e+00, 0.000000e+00, 0.000000e+00, 2.329092e-01, 0.000000e+00
97.795591, 3.515911e-02, 0.000000e+00, 3.039750e+03, 3.000000e+02, 0.000000e+00, 0.000000e+00, 0.000000e+00, 2.329092e-01, 0.000000e+00
97.995992, 3.515911e-02, 0.000000e+00, 3.039750e+03, 3.000000e+02, 0.000000e+00, 0.000000e+00, 0.000000e+00, 2.329092e-01, 0.000000e+00
98.196393, 3.515911e-02, 0.000000e+00, 3.039750e+03, 3.000000e+02, 0.000000e+00, 0.000000e+00, 0.000000e+00, 2.329092e-01, 0.000000e+00
98.396794, 3.515911e-02, 0.000000e+00, 3.039750e+03, 3.000000e+02, 0.000000e+00, 0.000000e+00, 0.000000e+00, 2.329092e-01, 0.000000e+00
98.597194, 3.515911e-02, 0.000000e+00, 3.039750e+03, 3.000000e+02, 0.000000e+00, 0.000000e+00, 0.000000e+00, 2.329092e-01, 0.000000e+00
98.797595, 3.515911e-02, 0.000000e+00, 3.039750e+03, 3.000000e+02, 0.000000e+00, 0.000000e+00, 0.000000e+00, 2.329092e-01, 0.000000e+00
98.997996, 3.515911e-02, 0.000000e+00, 3.039750e+03, 3.000000e+02, 0.000000e+00, 0.000000e+00, 0.000000e+00, 2.329092e-01, 0.000000e+00
99.198397, 3.515911e-02, 0.000000e+00, 3.039750e+03, 3.000000e+02, 0.000000e+00, 0.000000e+00, 0.000000e+00, 2.329092e-01, 0.000000e+00
99.398798, 3.515911e-02, 0.000000e+00, 3.039750e+03, 3.000000e+02, 0.000000e+00, 0.000000e+00, 0.000000e+00, 2.329092e-01, 0.000000e+00
99.599198, 3.515911e-02, 0.000000e+00, 3.039750e+03, 3.000000e+02, 0.000000e+00, 0.000000e+00, 0.000000e+00, 2.329092e-01, 0.000000e+00
99.799599, 3.515911e-02, 0.000000e+00, 3.039750e+03, 3.000000e+02, 0.000000e+00, 0.000000e+00, 0.000000e+00, 2.329092e-01, 0.000000e+00
100.000000, 3.515911e-02, 0.000000e+00, 3.039750e+03, 3.000000e+02, 0.000000e+00, 0.000000e+00, 0.000000e+00, 2.329092e-01, 0.000000e+00
