# 时间 t = 0.002007 s
# 列: x(m), rho(kg/m3), u(m/s), p(Pa), T(K), Y_H2, Y_H, Y_O, Y_O2, Y_OH
0.000000, 1.274208e+01, 0.000000e+00, 3.039750e+06, 6.000000e+02, 2.852239e-02, 9.578209e-22, 2.661996e-22, 2.263540e-01, 1.910918e-23
0.200401, 1.274208e+01, 0.000000e+00, 3.039750e+06, 6.000000e+02, 2.852239e-02, 9.578209e-22, 2.661996e-22, 2.263540e-01, 1.910918e-23
0.400802, 1.274208e+01, 0.000000e+00, 3.039750e+06, 6.000000e+02, 2.852239e-02, 9.578209e-22, 2.661996e-22, 2.263540e-01, 1.910918e-23
0.601202, 1.274208e+01, 0.000000e+00, 3.039750e+06, 6.000000e+02, 2.852239e-02, 9.578209e-22, 2.661996e-22, 2.263540e-01, 1.910918e-23
0.801603, 1.274208e+01, 0.000000e+00, 3.039750e+06, 6.000000e+02, 2.852239e-02, 9.578209e-22, 2.661996e-22, 2.263540e-01, 1.910918e-23
1.002004, 1.274208e+01, 0.000000e+00, 3.039750e+06, 6.000000e+02, 2.852239e-02, 9.578209e-22, 2.661996e-22, 2.263540e-01, 1.910918e-23
1.202405, 1.274208e+01, 0.000000e+00, 3.039750e+06, 6.000000e+02, 2.852239e-02, 9.578209e-22, 2.661996e-22, 2.263540e-01, 1.910918e-23
1.402806, 1.274208e+01, 0.000000e+00, 3.039750e+06, 6.000000e+02, 2.852239e-02, 9.578209e-22, 2.661996e-22, 2.263540e-01, 1.910918e-23
1.603206, 1.274208e+01, 0.000000e+00, 3.039750e+06, 6.000000e+02, 2.852239e-02, 9.578209e-22, 2.661996e-22, 2.263540e-01, 1.910918e-23
1.803607, 1.274208e+01, 0.000000e+00, 3.039750e+06, 6.000000e+02, 2.852239e-02, 9.578209e-22, 2.661996e-22, 2.263540e-01, 1.910918e-23
2.004008, 1.274208e+01, 0.000000e+00, 3.039750e+06, 6.000000e+02, 2.852239e-02, 9.578209e-22, 2.661996e-22, 2.263540e-01, 1.910918e-23
2.204409, 1.274208e+01, 0.000000e+00, 3.039750e+06, 6.000000e+02, 2.852239e-02, 9.578209e-22, 2.661996e-22, 2.263540e-01, 1.910918e-23
2.404810, 1.274208e+01, 0.000000e+00, 3.039750e+06, 6.000000e+02, 2.852239e-02, 9.578209e-22, 2.661996e-22, 2.263540e-01, 1.910918e-23
2.605210, 1.274208e+01, 0.000000e+00, 3.039750e+06, 6.000000e+02, 2.852239e-02, 9.578209e-22, 2.661996e-22, 2.263540e-01, 1.910918e-23
2.805611, 1.274208e+01, 0.000000e+00, 3.039750e+06, 6.000000e+02, 2.852239e-02, 9.578209e-22, 2.661996e-22, 2.263540e-01, 1.910918e-23
3.006012, 1.274208e+01, 0.000000e+00, 3.039750e+06, 6.000000e+02, 2.852239e-02, 9.578209e-22, 2.661996e-22, 2.263540e-01, 1.910918e-23
3.206413, 1.274208e+01, 0.000000e+00, 3.039750e+06, 6.000000e+02, 2.852239e-02, 9.578209e-22, 2.661996e-22, 2.263540e-01, 1.910918e-23
3.406814, 1.274208e+01, 0.000000e+00, 3.039750e+06, 6.000000e+02, 2.852239e-02, 9.578209e-22, 2.661996e-22, 2.263540e-01, 1.910918e-23
3.607214, 1.274208e+01, 0.000000e+00, 3.039750e+06, 6.000000e+02, 2.852239e-02, 9.578209e-22, 2.661996e-22, 2.263540e-01, 1.910918e-23
3.807615, 1.274208e+01, 0.000000e+00, 3.039750e+06, 6.000000e+02, 2.852239e-02, 9.578209e-22, 2.661996e-22, 2.263540e-01, 1.910918e-23
4.008016, 1.274208e+01, 0.000000e+00, 3.039750e+06, 6.000000e+02, 2.852239e-02, 9.578209e-22, 2.661996e-22, 2.263540e-01, 1.910918e-23
4.208417, 1.274208e+01, 0.000000e+00, 3.039750e+06, 6.000000e+02, 2.852239e-02, 9.578209e-22, 2.661996e-22, 2.263540e-01, 1.910918e-23
4.408818, 1.274208e+01, 0.000000e+00, 3.039750e+06, 6.000000e+02, 2.852239e-02, 9.578209e-22, 2.661996e-22, 2.263540e-01, 1.910918e-23
4.609218, 1.274208e+01, 0.000000e+00, 3.039750e+06, 6.000000e+02, 2.852239e-02, 9.578209e-22, 2.661996e-22, 2.263540e-01, 1.910918e-23
4.809619, 1.274208e+01, 0.000000e+00, 3.039750e+06, 6.000000e+02, 2.852239e-02, 9.578209e-22, 2.661996e-22, 2.263540e-01, 1.910918e-23
5.010020, 1.274208e+01, 0.000000e+00, 3.039750e+06, 6.000000e+02, 2.852239e-02, 9.578209e-22, 2.661996e-22, 2.263540e-01, 1.910918e-23
5.210421, 1.274208e+01, 0.000000e+00, 3.039750e+06, 6.000000e+02, 2.852239e-02, 9.578209e-22, 2.661996e-22, 2.263540e-01, 1.910918e-23
5.410822, 1.274208e+01, 0.000000e+00, 3.039750e+06, 6.000000e+02, 2.852239e-02, 9.578209e-22, 2.661996e-22, 2.263540e-01, 1.910918e-23
5.611222, 1.274208e+01, 0.000000e+00, 3.039750e+06, 6.000000e+02, 2.852239e-02, 9.578209e-22, 2.661996e-22, 2.263540e-01, 1.910918e-23
5.811623, 1.274208e+01, 0.000000e+00, 3.039750e+06, 6.000000e+02, 2.852239e-02, 9.578209e-22, 2.661996e-22, 2.263540e-01, 1.910918e-23
6.012024, 1.274208e+01, 0.000000e+00, 3.039750e+06, 6.000000e+02, 2.852239e-02, 9.578209e-22, 2.661996e-22, 2.263540e-01, 1.910918e-23
6.212425, 1.274208e+01, 0.000000e+00, 3.039750e+06, 6.000000e+02, 2.852239e-02, 9.578209e-22, 2.661996e-22, 2.263540e-01, 1.910918e-23
6.412826, 1.274208e+01, 0.000000e+00, 3.039750e+06, 6.000000e+02, 2.852239e-02, 9.578209e-22, 2.661996e-22, 2.263540e-01, 1.910918e-23
6.613226, 1.274208e+01, 0.000000e+00, 3.039750e+06, 6.000000e+02, 2.852239e-02, 9.578209e-22, 2.661996e-22, 2.263540e-01, 1.910918e-23
6.813627, 1.274208e+01, 0.000000e+00, 3.039750e+06, 6.000000e+02, 2.852239e-02, 9.578209e-22, 2.661996e-22, 2.263540e-01, 1.910918e-23
7.014028, 1.274208e+01, 0.000000e+00, 3.039750e+06, 6.000000e+02, 2.852239e-02, 9.578209e-22, 2.661996e-22, 2.263540e-01, 1.910918e-23
7.214429, 1.274208e+01, 0.000000e+00, 3.039750e+06, 6.000000e+02, 2.852239e-02, 9.578209e-22, 2.661996e-22, 2.263540e-01, 1.910918e-23
7.414830, 1.274208e+01, 0.000000e+00, 3.039750e+06, 6.000000e+02, 2.852239e-02, 9.578209e-22, 2.661996e-22, 2.263540e-01, 1.910918e-23
7.615230, 1.274208e+01, 0.000000e+00, 3.039750e+06, 6.000000e+02, 2.852239e-02, 9.578209e-22, 2.661996e-22, 2.263540e-01, 1.910918e-23
7.815631, 1.274208e+01, 0.000000e+00, 3.039750e+06, 6.000000e+02, 2.852239e-02, 9.578209e-22, 2.661996e-22, 2.263540e-01, 1.910918e-23
8.016032, 1.274208e+01, 0.000000e+00, 3.039750e+06, 6.000000e+02, 2.852239e-02, 9.578209e-22, 2.661996e-22, 2.263540e-01, 1.910918e-23
8.216433, 1.274208e+01, 0.000000e+00, 3.039750e+06, 6.000000e+02, 2.852239e-02, 9.578209e-22, 2.661996e-22, 2.263540e-01, 1.910918e-23
8.416834, 1.274208e+01, 0.000000e+00, 3.039750e+06, 6.000000e+02, 2.852239e-02, 9.578209e-22, 2.661996e-22, 2.263540e-01, 1.910918e-23
8.617234, 1.274208e+01, 0.000000e+00, 3.039750e+06, 6.000000e+02, 2.852239e-02, 9.578209e-22, 2.661996e-22, 2.263540e-01, 1.910918e-23
8.817635, 1.274208e+01, 0.000000e+00, 3.039750e+06, 6.000000e+02, 2.852239e-02, 9.578209e-22, 2.661996e-22, 2.263540e-01, 1.910918e-23
9.018036, 1.274208e+01, 0.000000e+00, 3.039750e+06, 6.000000e+02, 2.852239e-02, 9.578209e-22, 2.661996e-22, 2.263540e-01, 1.910918e-23
9.218437, 1.274208e+01, 0.000000e+00, 3.039750e+06, 6.000000e+02, 2.852239e-02, 9.578209e-22, 2.661996e-22, 2.263540e-01, 1.910918e-23
9.418838, 1.274208e+01, 0.000000e+00, 3.039750e+06, 6.000000e+02, 2.852239e-02, 9.578209e-22, 2.661996e-22, 2.263540e-01, 1.910918e-23
9.619238, 1.274208e+01, 0.000000e+00, 3.039750e+06, 6.000000e+02, 2.852239e-02, 9.578209e-22, 2.661996e-22, 2.263540e-01, 1.910918e-23
9.819639, 1.274208e+01, 0.000000e+00, 3.039750e+06, 6.000000e+02, 2.852239e-02, 9.578209e-22, 2.661996e-22, 2.263540e-01, 1.910918e-23
10.020040, 1.274208e+01, 0.000000e+00, 3.039750e+06, 6.000000e+02, 2.852239e-02, 9.578209e-22, 2.661996e-22, 2.263540e-01, 1.910918e-23
10.220441, 1.274208e+01, 0.000000e+00, 3.039750e+06, 6.000000e+02, 2.852239e-02, 9.578209e-22, 2.661996e-22, 2.263540e-01, 1.910918e-23
10.420842, 1.274208e+01, 0.000000e+00, 3.039750e+06, 6.000000e+02, 2.852239e-02, 9.578209e-22, 2.661996e-22, 2.263540e-01, 1.910918e-23
10.621242, 1.274208e+01, 0.000000e+00, 3.039750e+06, 6.000000e+02, 2.852239e-02, 9.578209e-22, 2.661996e-22, 2.263540e-01, 1.910918e-23
10.821643, 1.274208e+01, 0.000000e+00, 3.039750e+06, 6.000000e+02, 2.852239e-02, 9.578209e-22, 2.661996e-22, 2.263540e-01, 1.910918e-23
11.022044, 1.274208e+01, 0.000000e+00, 3.039750e+06, 6.000000e+02, 2.852239e-02, 9.578209e-22, 2.661996e-22, 2.263540e-01, 1.910918e-23
11.222445, 1.274208e+01, 0.000000e+00, 3.039750e+06, 6.000000e+02, 2.852239e-02, 9.578209e-22, 2.661996e-22, 2.263540e-01, 1.910918e-23
11.422846, 1.274208e+01, 0.000000e+00, 3.039750e+06, 6.000000e+02, 2.852239e-02, 9.578209e-22, 2.661996e-22, 2.263540e-01, 1.910918e-23
11.623246, 1.274208e+01, 0.000000e+00, 3.039750e+06, 6.000000e+02, 2.852239e-02, 9.578209e-22, 2.661996e-22, 2.263540e-01, 1.910918e-23
11.823647, 1.274208e+01, 0.000000e+00, 3.039750e+06, 6.000000e+02, 2.852239e-02, 9.578209e-22, 2.661996e-22, 2.263540e-01, 1.910918e-23
12.024048, 1.274208e+01, 0.000000e+00, 3.039750e+06, 6.000000e+02, 2.852239e-02, 9.578209e-22, 2.661996e-22, 2.263540e-01, 1.910918e-23
12.224449, 1.274208e+01, 0.000000e+00, 3.039750e+06, 6.000000e+02, 2.852239e-02, 9.578209e-22, 2.661996e-22, 2.263540e-01, 1.910918e-23
12.424850, 1.274208e+01, 0.000000e+00, 3.039750e+06, 6.000000e+02, 2.852239e-02, 9.578209e-22, 2.661996e-22, 2.263540e-01, 1.910918e-23
12.625251, 1.274208e+01, 0.000000e+00, 3.039750e+06, 6.000000e+02, 2.852239e-02, 9.578209e-22, 2.661996e-22, 2.263540e-01, 1.910918e-23
12.825651, 1.274208e+01, 0.000000e+00, 3.039750e+06, 6.000000e+02, 2.852239e-02, 9.578209e-22, 2.661996e-22, 2.263540e-01, 1.910918e-23
13.026052, 1.274208e+01, 0.000000e+00, 3.039750e+06, 6.000000e+02, 2.852239e-02, 9.578209e-22, 2.661996e-22, 2.263540e-01, 1.910918e-23
13.226453, 1.274208e+01, 0.000000e+00, 3.039750e+06, 6.000000e+02, 2.852239e-02, 9.578209e-22, 2.661996e-22, 2.263540e-01, 1.910918e-23
13.426854, 1.274208e+01, 0.000000e+00, 3.039750e+06, 6.000000e+02, 2.852239e-02, 9.578209e-22, 2.661996e-22, 2.263540e-01, 1.910918e-23
13.627255, 1.274208e+01, 0.000000e+00, 3.039750e+06, 6.000000e+02, 2.852239e-02, 9.578209e-22, 2.661996e-22, 2.263540e-01, 1.910918e-23
13.827655, 1.274208e+01, 0.000000e+00, 3.039750e+06, 6.000000e+02, 2.852239e-02, 9.578209e-22, 2.661996e-22, 2.263540e-01, 1.910918e-23
14.028056, 1.274208e+01, 0.000000e+00, 3.039750e+06, 6.000000e+02, 2.852239e-02, 9.578209e-22, 2.661996e-22, 2.263540e-01, 1.910918e-23
14.228457, 1.274208e+01, 0.000000e+00, 3.039750e+06, 6.000000e+02, 2.852239e-02, 9.578209e-22, 2.661996e-22, 2.263540e-01, 1.910918e-23
14.428858, 1.274208e+01, 0.000000e+00, 3.039750e+06, 6.000000e+02, 2.852239e-02, 9.578209e-22, 2.661996e-22, 2.263540e-01, 1.910918e-23
14.629259, 1.274208e+01, 0.000000e+00, 3.039750e+06, 6.000000e+02, 2.852239e-02, 9.578209e-22, 2.661996e-22, 2.263540e-01, 1.910918e-23
14.829659, 1.274208e+01, 0.000000e+00, 3.039750e+06, 6.000000e+02, 2.852239e-02, 9.578209e-22, 2.661996e-22, 2.263540e-01, 1.910918e-23
15.030060, 1.274208e+01, 0.000000e+00, 3.039750e+06, 6.000000e+02, 2.852239e-02, 9.578209e-22, 2.661996e-22, 2.263540e-01, 1.910918e-23
15.230461, 1.274208e+01, 0.000000e+00, 3.039750e+06, 6.000000e+02, 2.852239e-02, 9.578209e-22, 2.661996e-22, 2.263540e-01, 1.910918e-23
15.430862, 1.274208e+01, 0.000000e+00, 3.039750e+06, 6.000000e+02, 2.852239e-02, 9.578209e-22, 2.661996e-22, 2.263540e-01, 1.910918e-23
15.631263, 1.274208e+01, 0.000000e+00, 3.039750e+06, 6.000000e+02, 2.852239e-02, 9.578209e-22, 2.661996e-22, 2.263540e-01, 1.910918e-23
15.831663, 1.274208e+01, 0.000000e+00, 3.039750e+06, 6.000000e+02, 2.852239e-02, 9.578209e-22, 2.661996e-22, 2.263540e-01, 1.910918e-23
16.032064, 1.274208e+01, 0.000000e+00, 3.039750e+06, 6.000000e+02, 2.852239e-02, 9.578209e-22, 2.661996e-22, 2.263540e-01, 1.910918e-23
16.232465, 1.274208e+01, 0.000000e+00, 3.039750e+06, 6.000000e+02, 2.852239e-02, 9.578209e-22, 2.661996e-22, 2.263540e-01, 1.910918e-23
16.432866, 1.274208e+01, 0.000000e+00, 3.039750e+06, 6.000000e+02, 2.852239e-02, 9.578209e-22, 2.661996e-22, 2.263540e-01, 1.910918e-23
16.633267, 1.274208e+01, 0.000000e+00, 3.039750e+06, 6.000000e+02, 2.852239e-02, 9.578209e-22, 2.661996e-22, 2.263540e-01, 1.910918e-23
16.833667, 1.274208e+01, -4.793386e-14, 3.039750e+06, 6.000000e+02, 2.852239e-02, 9.578209e-22, 2.661996e-22, 2.263540e-01, 1.910918e-23
17.034068, 1.274208e+01, -5.475650e-13, 3.039750e+06, 6.000000e+02, 2.852239e-02, 9.578209e-22, 2.661996e-22, 2.263540e-01, 1.910918e-23
17.234469, 1.274208e+01, -4.894510e-12, 3.039750e+06, 6.000000e+02, 2.852239e-02, 9.578209e-22, 2.661996e-22, 2.263540e-01, 1.910918e-23
17.434870, 1.274208e+01, -4.002123e-11, 3.039750e+06, 6.000000e+02, 2.852239e-02, 9.578209e-22, 2.661996e-22, 2.263540e-01, 1.910918e-23
17.635271, 1.274208e+01, -3.121261e-10, 3.039750e+06, 6.000000e+02, 2.852239e-02, 9.578209e-22, 2.661996e-22, 2.263540e-01, 1.910918e-23
17.835671, 1.274208e+01, -2.321467e-09, 3.039750e+06, 6.000000e+02, 2.852239e-02, 9.578209e-22, 2.661996e-22, 2.263540e-01, 1.910918e-23
18.036072, 1.274208e+01, -1.645119e-08, 3.039750e+06, 6.000000e+02, 2.852239e-02, 9.578209e-22, 2.661996e-22, 2.263540e-01, 1.910918e-23
18.236473, 1.274208e+01, -1.109923e-07, 3.039750e+06, 6.000000e+02, 2.852239e-02, 9.578209e-22, 2.661996e-22, 2.263540e-01, 1.910918e-23
18.436874, 1.274208e+01, -7.123585e-07, 3.039750e+06, 6.000000e+02, 2.852239e-02, 9.578209e-22, 2.661996e-22, 2.263540e-01, 1.910918e-23
18.637275, 1.274208e+01, -4.345623e-06, 3.039750e+06, 6.000000e+02, 2.852239e-02, 9.578209e-22, 2.661996e-22, 2.263540e-01, 1.910918e-23
18.837675, 1.274208e+01, -2.517543e-05, 3.039750e+06, 6.000000e+02, 2.852239e-02, 9.578208e-22, 2.661996e-22, 2.263540e-01, 1.910918e-23
19.038076, 1.274208e+01, -1.383829e-04, 3.039751e+06, 6.000000e+02, 2.852239e-02, 9.578206e-22, 2.661996e-22, 2.263540e-01, 1.910918e-23
19.238477, 1.274210e+01, -7.210432e-04, 3.039754e+06, 6.000000e+02, 2.852239e-02, 9.578196e-22, 2.661993e-22, 2.263540e-01, 1.910916e-23
19.438878, 1.274216e+01, -3.557850e-03, 3.039770e+06, 6.000000e+02, 2.852239e-02, 9.578146e-22, 2.661979e-22, 2.263540e-01, 1.910906e-23
19.639279, 1.274247e+01, -1.660782e-02, 3.039842e+06, 6.000000e+02, 2.852239e-02, 9.577918e-22, 2.661917e-22, 2.263540e-01, 1.910861e-23
19.839679, 1.274379e+01, -7.325643e-02, 3.040159e+06, 6.000000e+02, 2.852239e-02, 9.576922e-22, 2.661644e-22, 2.263540e-01, 1.910664e-23
20.040080, 1.274923e+01, -3.049165e-01, 3.041455e+06, 6.000000e+02, 2.852239e-02, 9.572844e-22, 2.660524e-22, 2.263540e-01, 1.909856e-23
20.240481, 1.277015e+01, -1.194807e+00, 3.046447e+06, 6.000000e+02, 2.852239e-02, 9.557174e-22, 2.656219e-22, 2.263540e-01, 1.907248e-23
20.440882, 1.284534e+01, -4.382322e+00, 3.064384e+06, 6.000000e+02, 2.852239e-02, 9.511902e-22, 2.643791e-22, 2.263540e-01, 3.046361e-23
20.641283, 1.309277e+01, -1.479756e+01, 3.123411e+06, 6.000000e+02, 2.852238e-02, 1.440076e-21, 4.000881e-22, 2.263540e-01, 5.759773e-21
20.841683, 1.380641e+01, -4.402895e+01, 3.293645e+06, 6.000000e+02, 2.852172e-02, 5.513891e-20, 1.530435e-20, 2.263487e-01, 6.558540e-19
21.042084, 1.547667e+01, -1.068114e+02, 3.691696e+06, 6.000000e+02, 2.850088e-02, 1.419787e-18, 3.942382e-19, 2.261810e-01, 1.915346e-17
21.242485, 1.840009e+01, -1.994888e+02, 4.384093e+06, 6.000000e+02, 2.828691e-02, 1.117106e-17, 3.110570e-18, 2.244611e-01, 1.812075e-16
21.442886, 2.213382e+01, -2.939097e+02, 5.247384e+06, 6.000000e+02, 2.733685e-02, 3.570049e-17, 9.988042e-18, 2.168320e-01, 7.880128e-16
21.643287, 2.580860e+01, -3.672763e+02, 6.040830e+06, 6.000005e+02, 2.492659e-02, 6.313868e-17, 1.777938e-17, 1.975064e-01, 2.164526e-15
21.843687, 2.877279e+01, -4.179379e+02, 6.582493e+06, 6.000033e+02, 2.068572e-02, 8.986552e-17, 2.583132e-17, 1.635826e-01, 4.580189e-15
22.044088, 2.945512e+01, -4.755154e+02, 6.528968e+06, 6.000195e+02, 1.495415e-02, 1.620276e-16, 5.347874e-17, 1.178955e-01, 8.551526e-15
22.244489, 1.997438e+01, -7.092538e+02, 4.270818e+06, 6.001912e+02, 8.562474e-03, 7.376559e-16, 4.814245e-16, 6.718920e-02, 2.042589e-14
22.444890, 4.928338e+00, -1.590644e+03, 1.138726e+06, 6.739522e+02, 2.025018e-03, 5.249575e-13, 7.607664e-11, 1.551539e-02, 5.186229e-11
22.645291, 3.523577e+00, -1.505309e+03, 3.369601e+06, 2.789150e+03, 1.305380e-03, 7.118488e-05, 4.411323e-04, 7.258762e-03, 6.836406e-03
22.845691, 4.827493e+00, -1.073627e+03, 5.577700e+06, 3.291381e+03, 3.200113e-03, 3.977220e-04, 2.805978e-03, 1.619463e-02, 2.022009e-02
23.046092, 5.579016e+00, -8.995332e+02, 6.599150e+06, 3.359422e+03, 3.409476e-03, 4.482899e-04, 3.204298e-03, 1.702948e-02, 2.196751e-02
23.246493, 6.208776e+00, -7.751587e+02, 7.379322e+06, 3.376461e+03, 3.392369e-03, 4.407915e-04, 3.159945e-03, 1.688154e-02, 2.195594e-02
23.446894, 6.750933e+00, -6.726544e+02, 8.051565e+06, 3.389101e+03, 3.374938e-03, 4.339380e-04, 3.117457e-03, 1.674860e-02, 2.191510e-02
23.647295, 7.238742e+00, -5.806989e+02, 8.656943e+06, 3.399231e+03, 3.358114e-03, 4.276976e-04, 3.077809e-03, 1.662823e-02, 2.186275e-02
23.847695, 7.683869e+00, -4.936087e+02, 9.209767e+06, 3.407628e+03, 3.342224e-03, 4.220315e-04, 3.041233e-03, 1.651911e-02, 2.180589e-02
24.048096, 8.084914e+00, -4.083237e+02, 9.708162e+06, 3.414602e+03, 3.327661e-03, 4.169890e-04, 3.008312e-03, 1.642195e-02, 2.174918e-02
24.248497, 8.431934e+00, -3.231986e+02, 1.013965e+07, 3.420238e+03, 3.314968e-03, 4.126911e-04, 2.980020e-03, 1.633903e-02, 2.169691e-02
24.448898, 8.710499e+00, -2.373632e+02, 1.048615e+07, 3.424519e+03, 3.304740e-03, 4.092872e-04, 2.957474e-03, 1.627325e-02, 2.165311e-02
24.649299, 8.905547e+00, -1.503739e+02, 1.072878e+07, 3.427385e+03, 3.297508e-03, 4.069146e-04, 2.941676e-03, 1.622736e-02, 2.162113e-02
24.849699, 9.004775e+00, -6.203394e+01, 1.085209e+07, 3.428772e+03, 3.293663e-03, 4.056746e-04, 2.933358e-03, 1.620345e-02, 2.160334e-02
25.050100, 8.999972e+00, 2.759890e+01, 1.084622e+07, 3.428730e+03, 3.293970e-03, 4.057647e-04, 2.933992e-03, 1.620512e-02, 2.160515e-02
25.250501, 8.888364e+00, 1.180009e+02, 1.070827e+07, 3.427361e+03, 3.299221e-03, 4.073920e-04, 2.945131e-03, 1.623603e-02, 2.163234e-02
25.450902, 8.683031e+00, 2.085572e+02, 1.045344e+07, 3.424495e+03, 3.307617e-03, 4.100905e-04, 2.963291e-03, 1.628777e-02, 2.167201e-02
25.651303, 8.398941e+00, 2.990308e+02, 1.010039e+07, 3.420202e+03, 3.318520e-03, 4.136895e-04, 2.987242e-03, 1.635700e-02, 2.172018e-02
25.851703, 8.052337e+00, 3.894106e+02, 9.669400e+06, 3.414548e+03, 3.331248e-03, 4.180068e-04, 3.015659e-03, 1.644019e-02, 2.177256e-02
26.052104, 7.657809e+00, 4.800849e+02, 9.178750e+06, 3.407563e+03, 3.345151e-03, 4.228718e-04, 3.047281e-03, 1.653409e-02, 2.182481e-02
26.252505, 7.224508e+00, 5.722586e+02, 8.639982e+06, 3.399175e+03, 3.359725e-03, 4.281670e-04, 3.081172e-03, 1.663657e-02, 2.187302e-02
26.452906, 6.752358e+00, 6.686379e+02, 8.053215e+06, 3.389092e+03, 3.374692e-03, 4.338679e-04, 3.116946e-03, 1.674738e-02, 2.191343e-02
26.653307, 6.228198e+00, 7.745829e+02, 7.402350e+06, 3.376562e+03, 3.389858e-03, 4.400421e-04, 3.154603e-03, 1.686843e-02, 2.194011e-02
26.853707, 5.618723e+00, 9.007825e+02, 6.646285e+06, 3.359765e+03, 3.404345e-03, 4.467194e-04, 3.193214e-03, 1.700207e-02, 2.193611e-02
27.054108, 4.892517e+00, 1.072831e+03, 5.659147e+06, 3.294825e+03, 3.205197e-03, 3.986710e-04, 2.814536e-03, 1.620896e-02, 2.027240e-02
27.254509, 3.647959e+00, 1.469046e+03, 3.630376e+06, 2.891962e+03, 1.639252e-03, 1.094438e-04, 7.001443e-04, 8.939149e-03, 8.983515e-03
27.454910, 4.238458e+00, 1.686926e+03, 1.284315e+06, 8.863786e+02, 1.555952e-03, 5.321584e-10, 8.132509e-10, 1.174413e-02, 2.684728e-08
27.655311, 1.674056e+01, 8.249629e+02, 3.614637e+06, 6.106410e+02, 7.332644e-03, 4.049136e-15, 4.539113e-15, 5.697955e-02, 8.804018e-14
27.855711, 2.952938e+01, 5.147572e+02, 6.490156e+06, 6.004894e+02, 1.334921e-02, 4.573062e-16, 1.909028e-16, 1.047821e-01, 1.459094e-14
28.056112, 3.070365e+01, 4.427817e+02, 6.954557e+06, 6.000350e+02, 1.888150e-02, 1.826436e-16, 8.083037e-17, 1.489506e-01, 7.388614e-15
28.256513, 2.826467e+01, 4.001080e+02, 6.559972e+06, 6.000045e+02, 2.336114e-02, 1.162226e-16, 4.015637e-17, 1.848482e-01, 3.818858e-15
28.456914, 2.484956e+01, 3.425231e+02, 5.860003e+06, 6.000006e+02, 2.633880e-02, 8.130394e-17, 1.228450e-16, 2.087725e-01, 1.694732e-15
28.657315, 2.103620e+01, 2.627357e+02, 5.001100e+06, 6.000000e+02, 2.786797e-02, 4.133052e-17, 3.818786e-18, 2.210803e-01, 5.635897e-16
28.857715, 1.750775e+01, 1.696911e+02, 4.174096e+06, 6.000000e+02, 2.840648e-02, 1.107315e-17, 2.550988e-17, 2.254194e-01, 1.148501e-16
29.058116, 1.497960e+01, 8.734459e+01, 3.573355e+06, 6.000000e+02, 2.851294e-02, 1.201499e-18, 5.936488e-19, 2.262778e-01, 1.048621e-17
29.258517, 1.361620e+01, 3.582721e+01, 3.248276e+06, 6.000000e+02, 2.852211e-02, 4.264558e-20, 2.570791e-20, 2.263518e-01, 3.307752e-19
29.458918, 1.304085e+01, 1.246735e+01, 3.111025e+06, 6.000000e+02, 2.852239e-02, 1.340901e-21, 3.964391e-22, 2.263540e-01, 3.039762e-21
29.659319, 1.283569e+01, 3.930869e+00, 3.062081e+06, 6.000000e+02, 2.852239e-02, 9.519004e-22, 2.646776e-22, 2.263540e-01, 2.649965e-23
29.859719, 1.276969e+01, 1.163388e+00, 3.046337e+06, 6.000000e+02, 2.852239e-02, 9.557520e-22, 2.656312e-22, 2.263540e-01, 1.907304e-23
30.060120, 1.274984e+01, 3.277781e-01, 3.041601e+06, 6.000000e+02, 2.852239e-02, 9.572384e-22, 2.660397e-22, 2.263540e-01, 1.909764e-23
30.260521, 1.274417e+01, 8.837886e-02, 3.040248e+06, 6.000000e+02, 2.852239e-02, 9.576641e-22, 2.661566e-22, 2.263540e-01, 1.910608e-23
30.460922, 1.274262e+01, 2.285922e-02, 3.039879e+06, 6.000000e+02, 2.852239e-02, 9.577804e-22, 2.661885e-22, 2.263540e-01, 1.910839e-23
30.661323, 1.274222e+01, 5.680345e-03, 3.039782e+06, 6.000000e+02, 2.852239e-02, 9.578108e-22, 2.661969e-22, 2.263540e-01, 1.910899e-23
30.861723, 1.274211e+01, 1.357812e-03, 3.039758e+06, 6.000000e+02, 2.852239e-02, 9.578185e-22, 2.661990e-22, 2.263540e-01, 1.910914e-23
31.062124, 1.274209e+01, 3.125899e-04, 3.039752e+06, 6.000000e+02, 2.852239e-02, 9.578203e-22, 2.661995e-22, 2.263540e-01, 1.910917e-23
31.262525, 1.274208e+01, 6.938795e-05, 3.039750e+06, 6.000000e+02, 2.852239e-02, 9.578207e-22, 2.661996e-22, 2.263540e-01, 1.910918e-23
31.462926, 1.274208e+01, 1.486810e-05, 3.039750e+06, 6.000000e+02, 2.852239e-02, 9.578208e-22, 2.661996e-22, 2.263540e-01, 1.910918e-23
31.663327, 1.274208e+01, 3.078674e-06, 3.039750e+06, 6.000000e+02, 2.852239e-02, 9.578209e-22, 2.661996e-22, 2.263540e-01, 1.910918e-23
31.863727, 1.274208e+01, 6.166900e-07, 3.039750e+06, 6.000000e+02, 2.852239e-02, 9.578209e-22, 2.661996e-22, 2.263540e-01, 1.910918e-23
32.064128, 1.274208e+01, 1.196214e-07, 3.039750e+06, 6.000000e+02, 2.852239e-02, 9.578209e-22, 2.661996e-22, 2.263540e-01, 1.910918e-23
32.264529, 1.274208e+01, 2.249144e-08, 3.039750e+06, 6.000000e+02, 2.852239e-02, 9.578209e-22, 2.661996e-22, 2.263540e-01, 1.910918e-23
32.464930, 1.274208e+01, 4.103017e-09, 3.039750e+06, 6.000000e+02, 2.852239e-02, 9.578209e-22, 2.661996e-22, 2.263540e-01, 1.910918e-23
32.665331, 1.274208e+01, 7.268404e-10, 3.039750e+06, 6.000000e+02, 2.852239e-02, 9.578209e-22, 2.661996e-22, 2.263540e-01, 1.910918e-23
32.865731, 1.274208e+01, 1.251383e-10, 3.039750e+06, 6.000000e+02, 2.852239e-02, 9.578209e-22, 2.661996e-22, 2.263540e-01, 1.910918e-23
33.066132, 1.274208e+01, 2.097189e-11, 3.039750e+06, 6.000000e+02, 2.852239e-02, 9.578209e-22, 2.661996e-22, 2.263540e-01, 1.910918e-23
33.266533, 1.274208e+01, 3.420959e-12, 3.039750e+06, 6.000000e+02, 2.852239e-02, 9.578209e-22, 2.661996e-22, 2.263540e-01, 1.910918e-23
33.466934, 1.274208e+01, 5.197212e-13, 3.039750e+06, 6.000000e+02, 2.852239e-02, 9.578209e-22, 2.661996e-22, 2.263540e-01, 1.910918e-23
33.667335, 1.274208e+01, 5.924314e-14, 3.039750e+06, 6.000000e+02, 2.852239e-02, 9.578209e-22, 2.661996e-22, 2.263540e-01, 1.910918e-23
33.867735, 1.274208e+01, 0.000000e+00, 3.039750e+06, 6.000000e+02, 2.852239e-02, 9.578209e-22, 2.661996e-22, 2.263540e-01, 1.910918e-23
34.068136, 1.274208e+01, 0.000000e+00, 3.039750e+06, 6.000000e+02, 2.852239e-02, 9.578209e-22, 2.661996e-22, 2.263540e-01, 1.910918e-23
34.268537, 1.274208e+01, 0.000000e+00, 3.039750e+06, 6.000000e+02, 2.852239e-02, 9.578209e-22, 2.661996e-22, 2.263540e-01, 1.910918e-23
34.468938, 1.274208e+01, 0.000000e+00, 3.039750e+06, 6.000000e+02, 2.852239e-02, 9.578209e-22, 2.661996e-22, 2.263540e-01, 1.910918e-23
34.669339, 1.274208e+01, 0.000000e+00, 3.039750e+06, 6.000000e+02, 2.852239e-02, 9.578209e-22, 2.661996e-22, 2.263540e-01, 1.910918e-23
34.869739, 1.274208e+01, 0.000000e+00, 3.039750e+06, 6.000000e+02, 2.852239e-02, 9.578209e-22, 2.661996e-22, 2.263540e-01, 1.910918e-23
35.070140, 1.274208e+01, 0.000000e+00, 3.039750e+06, 6.000000e+02, 2.852239e-02, 9.578209e-22, 2.661996e-22, 2.263540e-01, 1.910918e-23
35.270541, 1.274208e+01, 0.000000e+00, 3.039750e+06, 6.000000e+02, 2.852239e-02, 9.578209e-22, 2.661996e-22, 2.263540e-01, 1.910918e-23
35.470942, 1.274208e+01, 0.000000e+00, 3.039750e+06, 6.000000e+02, 2.852239e-02, 9.578209e-22, 2.661996e-22, 2.263540e-01, 1.910918e-23
35.671343, 1.274208e+01, 0.000000e+00, 3.039750e+06, 6.000000e+02, 2.852239e-02, 9.578209e-22, 2.661996e-22, 2.263540e-01, 1.910918e-23
35.871743, 1.274208e+01, 0.000000e+00, 3.039750e+06, 6.000000e+02, 2.852239e-02, 9.578209e-22, 2.661996e-22, 2.263540e-01, 1.910918e-23
36.072144, 1.274208e+01, 0.000000e+00, 3.039750e+06, 6.000000e+02, 2.852239e-02, 9.578209e-22, 2.661996e-22, 2.263540e-01, 1.910918e-23
36.272545, 1.274208e+01, 0.000000e+00, 3.039750e+06, 6.000000e+02, 2.852239e-02, 9.578209e-22, 2.661996e-22, 2.263540e-01, 1.910918e-23
36.472946, 1.274208e+01, 0.000000e+00, 3.039750e+06, 6.000000e+02, 2.852239e-02, 9.578209e-22, 2.661996e-22, 2.263540e-01, 1.910918e-23
36.673347, 1.274208e+01, 0.000000e+00, 3.039750e+06, 6.000000e+02, 2.852239e-02, 9.578209e-22, 2.661996e-22, 2.263540e-01, 1.910918e-23
36.873747, 1.274208e+01, 0.000000e+00, 3.039750e+06, 6.000000e+02, 2.852239e-02, 9.578209e-22, 2.661996e-22, 2.263540e-01, 1.910918e-23
37.074148, 1.274208e+01, 0.000000e+00, 3.039750e+06, 6.000000e+02, 2.852239e-02, 9.578209e-22, 2.661996e-22, 2.263540e-01, 1.910918e-23
37.274549, 1.274208e+01, 0.000000e+00, 3.039750e+06, 6.000000e+02, 2.852239e-02, 9.578209e-22, 2.661996e-22, 2.263540e-01, 1.910918e-23
37.474950, 1.274208e+01, 0.000000e+00, 3.039750e+06, 6.000000e+02, 2.852239e-02, 9.578209e-22, 2.661996e-22, 2.263540e-01, 1.910918e-23
37.675351, 1.274208e+01, 0.000000e+00, 3.039750e+06, 6.000000e+02, 2.852239e-02, 9.578209e-22, 2.661996e-22, 2.263540e-01, 1.910918e-23
37.875752, 1.274208e+01, 0.000000e+00, 3.039750e+06, 6.000000e+02, 2.852239e-02, 9.578209e-22, 2.661996e-22, 2.263540e-01, 1.910918e-23
38.076152, 1.274208e+01, 0.000000e+00, 3.039750e+06, 6.000000e+02, 2.852239e-02, 9.578209e-22, 2.661996e-22, 2.263540e-01, 1.910918e-23
38.276553, 1.274208e+01, 0.000000e+00, 3.039750e+06, 6.000000e+02, 2.852239e-02, 9.578209e-22, 2.661996e-22, 2.263540e-01, 1.910918e-23
38.476954, 1.274208e+01, 0.000000e+00, 3.039750e+06, 6.000000e+02, 2.852239e-02, 9.578209e-22, 2.661996e-22, 2.263540e-01, 1.910918e-23
38.677355, 1.274208e+01, 0.000000e+00, 3.039750e+06, 6.000000e+02, 2.852239e-02, 9.578209e-22, 2.661996e-22, 2.263540e-01, 1.910918e-23
38.877756, 1.274208e+01, 0.000000e+00, 3.039750e+06, 6.000000e+02, 2.852239e-02, 9.578209e-22, 2.661996e-22, 2.263540e-01, 1.910918e-23
39.078156, 1.274208e+01, 0.000000e+00, 3.039750e+06, 6.000000e+02, 2.852239e-02, 9.578209e-22, 2.661996e-22, 2.263540e-01, 1.910918e-23
39.278557, 1.274208e+01, 0.000000e+00, 3.039750e+06, 6.000000e+02, 2.852239e-02, 9.578209e-22, 2.661996e-22, 2.263540e-01, 1.910918e-23
39.478958, 1.274208e+01, 0.000000e+00, 3.039750e+06, 6.000000e+02, 2.852239e-02, 9.578209e-22, 2.661996e-22, 2.263540e-01, 1.910918e-23
39.679359, 1.274208e+01, 0.000000e+00, 3.039750e+06, 6.000000e+02, 2.852239e-02, 9.578209e-22, 2.661996e-22, 2.263540e-01, 1.910918e-23
39.879760, 1.274208e+01, 0.000000e+00, 3.039750e+06, 6.000000e+02, 2.852239e-02, 9.578209e-22, 2.661996e-22, 2.263540e-01, 1.910918e-23
40.080160, 1.274208e+01, 0.000000e+00, 3.039750e+06, 6.000000e+02, 2.852239e-02, 9.578209e-22, 2.661996e-22, 2.263540e-01, 1.910918e-23
40.280561, 1.274208e+01, 0.000000e+00, 3.039750e+06, 6.000000e+02, 2.852239e-02, 9.578209e-22, 2.661996e-22, 2.263540e-01, 1.910918e-23
40.480962, 1.274208e+01, 0.000000e+00, 3.039750e+06, 6.000000e+02, 2.852239e-02, 9.578209e-22, 2.661996e-22, 2.263540e-01, 1.910918e-23
40.681363, 1.274208e+01, 0.000000e+00, 3.039750e+06, 6.000000e+02, 2.852239e-02, 9.578209e-22, 2.661996e-22, 2.263540e-01, 1.910918e-23
40.881764, 1.274208e+01, 0.000000e+00, 3.039750e+06, 6.000000e+02, 2.852239e-02, 9.578209e-22, 2.661996e-22, 2.263540e-01, 1.910918e-23
41.082164, 1.274208e+01, 0.000000e+00, 3.039750e+06, 6.000000e+02, 2.852239e-02, 9.578209e-22, 2.661996e-22, 2.263540e-01, 1.910918e-23
41.282565, 1.274208e+01, 0.000000e+00, 3.039750e+06, 6.000000e+02, 2.852239e-02, 9.578209e-22, 2.661996e-22, 2.263540e-01, 1.910918e-23
41.482966, 1.274208e+01, 0.000000e+00, 3.039750e+06, 6.000000e+02, 2.852239e-02, 9.578209e-22, 2.661996e-22, 2.263540e-01, 1.910918e-23
41.683367, 1.274208e+01, 0.000000e+00, 3.039750e+06, 6.000000e+02, 2.852239e-02, 9.578209e-22, 2.661996e-22, 2.263540e-01, 1.910918e-23
41.883768, 1.274208e+01, 0.000000e+00, 3.039750e+06, 6.000000e+02, 2.852239e-02, 9.578209e-22, 2.661996e-22, 2.263540e-01, 1.910918e-23
42.084168, 1.274208e+01, 0.000000e+00, 3.039750e+06, 6.000000e+02, 2.852239e-02, 9.578209e-22, 2.661996e-22, 2.263540e-01, 1.910918e-23
42.284569, 1.274208e+01, 0.000000e+00, 3.039750e+06, 6.000000e+02, 2.852239e-02, 9.578209e-22, 2.661996e-22, 2.263540e-01, 1.910918e-23
42.484970, 1.274208e+01, 0.000000e+00, 3.039750e+06, 6.000000e+02, 2.852239e-02, 9.578209e-22, 2.661996e-22, 2.263540e-01, 1.910918e-23
42.685371, 1.274208e+01, 0.000000e+00, 3.039750e+06, 6.000000e+02, 2.852239e-02, 9.578209e-22, 2.661996e-22, 2.263540e-01, 1.910918e-23
42.885772, 1.274208e+01, 0.000000e+00, 3.039750e+06, 6.000000e+02, 2.852239e-02, 9.578209e-22, 2.661996e-22, 2.263540e-01, 1.910918e-23
43.086172, 1.274208e+01, 0.000000e+00, 3.039750e+06, 6.000000e+02, 2.852239e-02, 9.578209e-22, 2.661996e-22, 2.263540e-01, 1.910918e-23
43.286573, 1.274208e+01, 0.000000e+00, 3.039750e+06, 6.000000e+02, 2.852239e-02, 9.578209e-22, 2.661996e-22, 2.263540e-01, 1.910918e-23
43.486974, 1.274208e+01, 0.000000e+00, 3.039750e+06, 6.000000e+02, 2.852239e-02, 9.578209e-22, 2.661996e-22, 2.263540e-01, 1.910918e-23
43.687375, 1.274208e+01, 0.000000e+00, 3.039750e+06, 6.000000e+02, 2.852239e-02, 9.578209e-22, 2.661996e-22, 2.263540e-01, 1.910918e-23
43.887776, 1.274208e+01, 2.817658e-15, 3.039750e+06, 6.000000e+02, 2.852239e-02, 9.578209e-22, 2.661996e-22, 2.263540e-01, 1.910918e-23
44.088176, 1.274208e+01, 1.100129e-13, 3.039750e+06, 6.000000e+02, 2.852239e-02, 9.578209e-22, 2.661996e-22, 2.263540e-01, 1.910918e-23
44.288577, 1.274208e+01, 1.058959e-12, 3.039750e+06, 6.000000e+02, 2.852239e-02, 9.578209e-22, 2.661996e-22, 2.263540e-01, 1.910918e-23
44.488978, 1.274208e+01, 8.428313e-12, 3.039750e+06, 6.000000e+02, 2.852239e-02, 9.578209e-22, 2.661996e-22, 2.263540e-01, 1.910918e-23
44.689379, 1.274208e+01, 6.301789e-11, 3.039750e+06, 6.000000e+02, 2.852239e-02, 9.578209e-22, 2.661996e-22, 2.263540e-01, 1.910918e-23
44.889780, 1.274208e+01, 4.481337e-10, 3.039750e+06, 6.000000e+02, 2.852239e-02, 9.578209e-22, 2.661996e-22, 2.263540e-01, 1.910918e-23
45.090180, 1.274208e+01, 3.026316e-09, 3.039750e+06, 6.000000e+02, 2.852239e-02, 9.578209e-22, 2.661996e-22, 2.263540e-01, 1.910918e-23
45.290581, 1.274208e+01, 1.938321e-08, 3.039750e+06, 6.000000e+02, 2.852239e-02, 9.578209e-22, 2.661996e-22, 2.263540e-01, 1.910918e-23
45.490982, 1.274208e+01, 1.175880e-07, 3.039750e+06, 6.000000e+02, 2.852239e-02, 9.578209e-22, 2.661996e-22, 2.263540e-01, 1.910918e-23
45.691383, 1.274208e+01, 6.746229e-07, 3.039750e+06, 6.000000e+02, 2.852239e-02, 9.578209e-22, 2.661996e-22, 2.263540e-01, 1.910918e-23
45.891784, 1.274208e+01, 3.654174e-06, 3.039750e+06, 6.000000e+02, 2.852239e-02, 9.578209e-22, 2.661996e-22, 2.263540e-01, 1.910918e-23
46.092184, 1.274208e+01, 1.865265e-05, 3.039750e+06, 6.000000e+02, 2.852239e-02, 9.578209e-22, 2.661996e-22, 2.263540e-01, 1.910918e-23
46.292585, 1.274208e+01, 8.954131e-05, 3.039750e+06, 6.000000e+02, 2.852239e-02, 9.578210e-22, 2.661997e-22, 2.263540e-01, 1.910919e-23
46.492986, 1.274207e+01, 4.033188e-04, 3.039748e+06, 6.000000e+02, 2.852239e-02, 9.578216e-22, 2.661998e-22, 2.263540e-01, 1.910920e-23
46.693387, 1.274204e+01, 1.700258e-03, 3.039740e+06, 6.000000e+02, 2.852239e-02, 9.578239e-22, 2.662004e-22, 2.263540e-01, 1.910924e-23
46.893788, 1.274192e+01, 6.689511e-03, 3.039713e+06, 6.000000e+02, 2.852239e-02, 9.578327e-22, 2.662029e-22, 2.263540e-01, 1.910942e-23
47.094188, 1.274150e+01, 2.448582e-02, 3.039612e+06, 6.000000e+02, 2.852239e-02, 9.578642e-22, 2.662115e-22, 2.263540e-01, 1.911005e-23
47.294589, 1.274012e+01, 8.309004e-02, 3.039281e+06, 6.000000e+02, 2.852239e-02, 9.579686e-22, 2.662403e-22, 2.263540e-01, 1.911212e-23
47.494990, 1.273589e+01, 2.603918e-01, 3.038274e+06, 6.000000e+02, 2.852239e-02, 9.582857e-22, 2.663277e-22, 2.263540e-01, 1.911842e-23
47.695391, 1.272417e+01, 7.505779e-01, 3.035478e+06, 6.000000e+02, 2.852239e-02, 9.591675e-22, 2.665710e-22, 2.263540e-01, 1.913595e-23
47.895792, 1.269460e+01, 1.982303e+00, 3.028423e+06, 6.000000e+02, 2.852239e-02, 9.613993e-22, 2.671876e-22, 2.263540e-01, 1.918033e-23
48.096192, 1.262718e+01, 4.782076e+00, 3.012340e+06, 6.000000e+02, 2.852239e-02, 9.665245e-22, 2.686048e-22, 2.263540e-01, 1.928231e-23
48.296593, 1.248899e+01, 1.052312e+01, 2.979374e+06, 6.000000e+02, 2.852239e-02, 9.772013e-22, 2.715598e-22, 2.263540e-01, 1.949483e-23
48.496994, 1.223491e+01, 2.114942e+01, 2.918759e+06, 6.000000e+02, 2.852239e-02, 9.974546e-22, 2.771693e-22, 2.263540e-01, 1.989815e-23
48.697395, 1.181549e+01, 3.899186e+01, 2.818703e+06, 6.000000e+02, 2.852239e-02, 1.032778e-21, 2.869580e-22, 2.263540e-01, 2.060176e-23
48.897796, 1.119110e+01, 6.642842e+01, 2.669747e+06, 6.000000e+02, 2.852239e-02, 1.090241e-21, 3.028866e-22, 2.263540e-01, 2.174655e-23
49.098196, 1.034584e+01, 1.055900e+02, 2.468102e+06, 6.000000e+02, 2.852239e-02, 1.179031e-21, 3.275011e-22, 2.263540e-01, 2.351551e-23
49.298597, 9.292767e+00, 1.583767e+02, 2.216882e+06, 6.000000e+02, 2.852239e-02, 1.312172e-21, 3.644038e-22, 2.263540e-01, 2.616780e-23
49.498998, 8.063954e+00, 2.271498e+02, 1.923736e+06, 6.000000e+02, 2.852239e-02, 1.511395e-21, 4.195925e-22, 2.263540e-01, 3.013536e-23
49.699399, 6.677653e+00, 3.173901e+02, 1.593020e+06, 6.000000e+02, 2.852239e-02, 1.824090e-21, 5.061005e-22, 2.263540e-01, 3.635832e-23
49.899800, 5.021802e+00, 4.519617e+02, 1.198001e+06, 6.000000e+02, 2.852239e-02, 2.424021e-21, 6.713640e-22, 2.263540e-01, 4.827039e-23
50.100200, 3.102398e+00, 8.509263e+02, 3.039750e+03, 3.000000e+02, 2.852212e-02, 2.306197e-21, 6.387218e-22, 2.263541e-01, 4.592363e-23
50.300601, 3.433607e+00, 8.253733e+02, 3.039750e+03, 3.000000e+02, 2.851991e-02, 2.177859e-21, 6.031479e-22, 2.263546e-01, 4.336679e-23
50.501002, 3.879683e+00, 7.911847e+02, 3.039750e+03, 3.000000e+02, 2.851136e-02, 2.016614e-21, 5.584658e-22, 2.263565e-01, 4.015492e-23
50.701403, 4.253751e+00, 7.532414e+02, 3.039750e+03, 3.000000e+02, 2.848950e-02, 1.847150e-21, 5.115054e-22, 2.263616e-01, 3.677938e-23
50.901804, 4.292273e+00, 7.168583e+02, 3.039750e+03, 3.000000e+02, 2.844424e-02, 1.691810e-21, 4.684505e-22, 2.263720e-01, 3.368487e-23
51.102204, 3.865853e+00, 6.842665e+02, 3.039750e+03, 3.000000e+02, 2.835696e-02, 1.558269e-21, 4.314274e-22, 2.263920e-01, 3.102427e-23
51.302605, 3.079641e+00, 6.549581e+02, 3.039750e+03, 3.000000e+02, 2.818815e-02, 1.443914e-21, 3.997148e-22, 2.264308e-01, 2.874562e-23
51.503006, 2.176501e+00, 6.266062e+02, 3.039750e+03, 3.000000e+02, 2.785160e-02, 1.341462e-21, 3.712986e-22, 2.265082e-01, 2.670399e-23
51.703407, 1.374418e+00, 5.947974e+02, 3.039750e+03, 3.000000e+02, 2.715923e-02, 1.240108e-21, 3.431913e-22, 2.266673e-01, 2.468440e-23
51.903808, 7.791782e-01, 5.511166e+02, 3.039750e+03, 3.000000e+02, 2.570802e-02, 1.122273e-21, 3.105330e-22, 2.270008e-01, 2.233711e-23
52.104208, 3.944867e-01, 4.792701e+02, 3.039750e+03, 3.000000e+02, 2.267629e-02, 9.556447e-22, 2.643907e-22, 2.276976e-01, 1.901931e-23
52.304609, 1.734334e-01, 3.594550e+02, 3.039750e+03, 3.000000e+02, 1.658860e-02, 6.823118e-22, 1.887505e-22, 2.290967e-01, 1.357871e-23
52.505010, 7.067281e-02, 1.837400e+02, 3.039750e+03, 3.000000e+02, 6.769880e-03, 2.745494e-22, 7.594492e-23, 2.313533e-01, 5.463643e-24
52.705411, 4.004355e-02, 3.800123e+01, 3.039750e+03, 3.000000e+02, 5.331028e-04, 2.146788e-23, 5.938179e-24, 2.327867e-01, 4.272123e-25
52.905812, 3.554852e-02, 3.359041e+00, 3.039750e+03, 3.000000e+02, 2.761581e-06, 1.107946e-25, 3.064610e-26, 2.329086e-01, 2.204801e-27
53.106212, 3.518663e-02, 2.421017e-01, 3.039750e+03, 3.000000e+02, 7.941269e-10, 3.178676e-29, 8.792216e-30, 2.329092e-01, 6.325498e-31
53.306613, 3.516105e-02, 1.706317e-02, 3.039750e+03, 3.000000e+02, 1.361332e-14, 5.440404e-34, 1.504804e-34, 2.329092e-01, 1.082625e-35
53.507014, 3.515925e-02, 1.195023e-03, 3.039750e+03, 3.000000e+02, 1.455253e-20, 5.809055e-40, 1.606764e-40, 2.329092e-01, 1.155982e-41
53.707415, 3.515912e-02, 8.321906e-05, 3.039750e+03, 3.000000e+02, 9.958289e-28, 3.971698e-47, 1.098553e-47, 2.329092e-01, 7.903527e-49
53.907816, 3.515911e-02, 5.759222e-06, 3.039750e+03, 3.000000e+02, 4.430468e-36, 1.765845e-55, 4.884229e-56, 2.329092e-01, 3.513958e-57
54.108216, 3.515911e-02, 3.958343e-07, 3.039750e+03, 3.000000e+02, 1.292905e-45, 5.150441e-65, 1.424580e-65, 2.329092e-01, 1.024915e-66
54.308617, 3.515911e-02, 2.700104e-08, 3.039750e+03, 3.000000e+02, 2.485258e-56, 9.896281e-76, 2.737244e-76, 2.329092e-01, 1.969314e-77
54.509018, 3.515911e-02, 1.826761e-09, 3.039750e+03, 3.000000e+02, 3.149515e-68, 1.253731e-87, 3.467735e-88, 2.329092e-01, 2.494866e-89
54.709419, 3.515911e-02, 1.225082e-10, 3.039750e+03, 3.000000e+02, 2.626885e-81, 1.045401e-100, 2.891487e-101, 2.329092e-01, 2.080349e-102
54.909820, 3.515911e-02, 8.138969e-12, 3.039750e+03, 3.000000e+02, 1.436020e-95, 5.715305e-115, 1.580917e-115, 2.329092e-01, 1.137626e-116
55.110220, 3.515911e-02, 5.375324e-13, 3.039750e+03, 3.000000e+02, 5.186068e-111, 2.035972e-130, 5.660711e-131, 2.329092e-01, 4.078315e-132
55.310621, 3.515911e-02, 3.699157e-14, 3.039750e+03, 3.000000e+02, 1.181569e-127, 3.941562e-147, 1.224604e-147, 2.329092e-01, 8.441226e-149
55.511022, 3.515911e-02, 0.000000e+00, 3.039750e+03, 3.000000e+02, -1.607396e-145, -1.623532e-164, -3.366773e-165, 2.329092e-01, -1.870085e-166
55.711423, 3.515911e-02, 0.000000e+00, 3.039750e+03, 3.000000e+02, 0.000000e+00, 0.000000e+00, 0.000000e+00, 2.329092e-01, 0.000000e+00
55.911824, 3.515911e-02, 0.000000e+00, 3.039750e+03, 3.000000e+02, 0.000000e+00, 0.000000e+00, 0.000000e+00, 2.329092e-01, 0.000000e+00
56.112224, 3.515911e-02, 0.000000e+00, 3.039750e+03, 3.000000e+02, 0.000000e+00, 0.000000e+00, 0.000000e+00, 2.329092e-01, 0.000000e+00
56.312625, 3.515911e-02, 0.000000e+00, 3.039750e+03, 3.000000e+02, 0.000000e+00, 0.000000e+00, 0.000000e+00, 2.329092e-01, 0.000000e+00
56.513026, 3.515911e-02, 0.000000e+00, 3.039750e+03, 3.000000e+02, 0.000000e+00, 0.000000e+00, 0.000000e+00, 2.329092e-01, 0.000000e+00
56.713427, 3.515911e-02, 0.000000e+00, 3.039750e+03, 3.000000e+02, 0.000000e+00, 0.000000e+00, 0.000000e+00, 2.329092e-01, 0.000000e+00
56.913828, 3.515911e-02, 0.000000e+00, 3.039750e+03, 3.000000e+02, 0.000000e+00, 0.000000e+00, 0.000000e+00, 2.329092e-01, 0.000000e+00
57.114228, 3.515911e-02, 0.000000e+00, 3.039750e+03, 3.000000e+02, 0.000000e+00, 0.000000e+00, 0.000000e+00, 2.329092e-01, 0.000000e+00
57.314629, 3.515911e-02, 0.000000e+00, 3.039750e+03, 3.000000e+02, 0.000000e+00, 0.000000e+00, 0.000000e+00, 2.329092e-01, 0.000000e+00
57.515030, 3.515911e-02, 0.000000e+00, 3.039750e+03, 3.000000e+02, 0.000000e+00, 0.000000e+00, 0.000000e+00, 2.329092e-01, 0.000000e+00
57.715431, 3.515911e-02, 0.000000e+00, 3.039750e+03, 3.000000e+02, 0.000000e+00, 0.000000e+00, 0.000000e+00, 2.329092e-01, 0.000000e+00
57.915832, 3.515911e-02, 0.000000e+00, 3.039750e+03, 3.000000e+02, 0.000000e+00, 0.000000e+00, 0.000000e+00, 2.329092e-01, 0.000000e+00
58.116232, 3.515911e-02, 0.000000e+00, 3.039750e+03, 3.000000e+02, 0.000000e+00, 0.000000e+00, 0.000000e+00, 2.329092e-01, 0.000000e+00
58.316633, 3.515911e-02, 0.000000e+00, 3.039750e+03, 3.000000e+02, 0.000000e+00, 0.000000e+00, 0.000000e+00, 2.329092e-01, 0.000000e+00
58.517034, 3.515911e-02, 0.000000e+00, 3.039750e+03, 3.000000e+02, 0.000000e+00, 0.000000e+00, 0.000000e+00, 2.329092e-01, 0.000000e+00
58.717435, 3.515911e-02, 0.000000e+00, 3.039750e+03, 3.000000e+02, 0.000000e+00, 0.000000e+00, 0.000000e+00, 2.329092e-01, 0.000000e+00
58.917836, 3.515911e-02, 0.000000e+00, 3.039750e+03, 3.000000e+02, 0.000000e+00, 0.000000e+00, 0.000000e+00, 2.329092e-01, 0.000000e+00
59.118236, 3.515911e-02, 0.000000e+00, 3.039750e+03, 3.000000e+02, 0.000000e+00, 0.000000e+00, 0.000000e+00, 2.329092e-01, 0.000000e+00
59.318637, 3.515911e-02, 0.000000e+00, 3.039750e+03, 3.000000e+02, 0.000000e+00, 0.000000e+00, 0.000000e+00, 2.329092e-01, 0.000000e+00
59.519038, 3.515911e-02, 0.000000e+00, 3.039750e+03, 3.000000e+02, 0.000000e+00, 0.000000e+00, 0.000000e+00, 2.329092e-01, 0.000000e+00
59.719439, 3.515911e-02, 0.000000e+00, 3.039750e+03, 3.000000e+02, 0.000000e+00, 0.000000e+00, 0.000000e+00, 2.329092e-01, 0.000000e+00
59.919840, 3.515911e-02, 0.000000e+00, 3.039750e+03, 3.000000e+02, 0.000000e+00, 0.000000e+00, 0.000000e+00, 2.329092e-01, 0.000000e+00
60.120240, 3.515911e-02, 0.000000e+00, 3.039750e+03, 3.000000e+02, 0.000000e+00, 0.000000e+00, 0.000000e+00, 2.329092e-01, 0.000000e+00
60.320641, 3.515911e-02, 0.000000e+00, 3.039750e+03, 3.000000e+02, 0.000000e+00, 0.000000e+00, 0.000000e+00, 2.329092e-01, 0.000000e+00
60.521042, 3.515911e-02, 0.000000e+00, 3.039750e+03, 3.000000e+02, 0.000000e+00, 0.000000e+00, 0.000000e+00, 2.329092e-01, 0.000000e+00
60.721443, 3.515911e-02, 0.000000e+00, 3.039750e+03, 3.000000e+02, 0.000000e+00, 0.000000e+00, 0.000000e+00, 2.329092e-01, 0.000000e+00
60.921844, 3.515911e-02, 0.000000e+00, 3.039750e+03, 3.000000e+02, 0.000000e+00, 0.000000e+00, 0.000000e+00, 2.329092e-01, 0.000000e+00
61.122244, 3.515911e-02, 0.000000e+00, 3.039750e+03, 3.000000e+02, 0.000000e+00, 0.000000e+00, 0.000000e+00, 2.329092e-01, 0.000000e+00
61.322645, 3.515911e-02, 0.000000e+00, 3.039750e+03, 3.000000e+02, 0.000000e+00, 0.000000e+00, 0.000000e+00, 2.329092e-01, 0.000000e+00
61.523046, 3.515911e-02, 0.000000e+00, 3.039750e+03, 3.000000e+02, 0.000000e+00, 0.000000e+00, 0.000000e+00, 2.329092e-01, 0.000000e+00
61.723447, 3.515911e-02, 0.000000e+00, 3.039750e+03, 3.000000e+02, 0.000000e+00, 0.000000e+00, 0.000000e+00, 2.329092e-01, 0.000000e+00
61.923848, 3.515911e-02, 0.000000e+00, 3.039750e+03, 3.000000e+02, 0.000000e+00, 0.000000e+00, 0.000000e+00, 2.329092e-01, 0.000000e+00
62.124248, 3.515911e-02, 0.000000e+00, 3.039750e+03, 3.000000e+02, 0.000000e+00, 0.000000e+00, 0.000000e+00, 2.329092e-01, 0.000000e+00
62.324649, 3.515911e-02, 0.000000e+00, 3.039750e+03, 3.000000e+02, 0.000000e+00, 0.000000e+00, 0.000000e+00, 2.329092e-01, 0.000000e+00
62.525050, 3.515911e-02, 0.000000e+00, 3.039750e+03, 3.000000e+02, 0.000000e+00, 0.000000e+00, 0.000000e+00, 2.329092e-01, 0.000000e+00
62.725451, 3.515911e-02, 0.000000e+00, 3.039750e+03, 3.000000e+02, 0.000000e+00, 0.000000e+00, 0.000000e+00, 2.329092e-01, 0.000000e+00
62.925852, 3.515911e-02, 0.000000e+00, 3.039750e+03, 3.000000e+02, 0.000000e+00, 0.000000e+00, 0.000000e+00, 2.329092e-01, 0.000000e+00
63.126253, 3.515911e-02, 0.000000e+00, 3.039750e+03, 3.000000e+02, 0.000000e+00, 0.000000e+00, 0.000000e+00, 2.329092e-01, 0.000000e+00
63.326653, 3.515911e-02, 0.000000e+00, 3.039750e+03, 3.000000e+02, 0.000000e+00, 0.000000e+00, 0.000000e+00, 2.329092e-01, 0.000000e+00
63.527054, 3.515911e-02, 0.000000e+00, 3.039750e+03, 3.000000e+02, 0.000000e+00, 0.000000e+00, 0.000000e+00, 2.329092e-01, 0.000000e+00
63.727455, 3.515911e-02, 0.000000e+00, 3.039750e+03, 3.000000e+02, 0.000000e+00, 0.000000e+00, 0.000000e+00, 2.329092e-01, 0.000000e+00
63.927856, 3.515911e-02, 0.000000e+00, 3.039750e+03, 3.000000e+02, 0.000000e+00, 0.000000e+00, 0.000000e+00, 2.329092e-01, 0.000000e+00
64.128257, 3.515911e-02, 0.000000e+00, 3.039750e+03, 3.000000e+02, 0.000000e+00, 0.000000e+00, 0.000000e+00, 2.329092e-01, 0.000000e+00
64.328657, 3.515911e-02, 0.000000e+00, 3.039750e+03, 3.000000e+02, 0.000000e+00, 0.000000e+00, 0.000000e+00, 2.329092e-01, 0.000000e+00
64.529058, 3.515911e-02, 0.000000e+00, 3.039750e+03, 3.000000e+02, 0.000000e+00, 0.000000e+00, 0.000000e+00, 2.329092e-01, 0.000000e+00
64.729459, 3.515911e-02, 0.000000e+00, 3.039750e+03, 3.000000e+02, 0.000000e+00, 0.000000e+00, 0.000000e+00, 2.329092e-01, 0.000000e+00
64.929860, 3.515911e-02, 0.000000e+00, 3.039750e+03, 3.000000e+02, 0.000000e+00, 0.000000e+00, 0.000000e+00, 2.329092e-01, 0.000000e+00
65.130261, 3.515911e-02, 0.000000e+00, 3.039750e+03, 3.000000e+02, 0.000000e+00, 0.000000e+00, 0.000000e+00, 2.329092e-01, 0.000000e+00
65.330661, 3.515911e-02, 0.000000e+00, 3.039750e+03, 3.000000e+02, 0.000000e+00, 0.000000e+00, 0.000000e+00, 2.329092e-01, 0.000000e+00
65.531062, 3.515911e-02, 0.000000e+00, 3.039750e+03, 3.000000e+02, 0.000000e+00, 0.000000e+00, 0.000000e+00, 2.329092e-01, 0.000000e+00
65.731463, 3.515911e-02, 0.000000e+00, 3.039750e+03, 3.000000e+02, 0.000000e+00, 0.000000e+00, 0.000000e+00, 2.329092e-01, 0.000000e+00
65.931864, 3.515911e-02, 0.000000e+00, 3.039750e+03, 3.000000e+02, 0.000000e+00, 0.000000e+00, 0.000000e+00, 2.329092e-01, 0.000000e+00
66.132265, 3.515911e-02, 0.000000e+00, 3.039750e+03, 3.000000e+02, 0.000000e+00, 0.000000e+00, 0.000000e+00, 2.329092e-01, 0.000000e+00
66.332665, 3.515911e-02, 0.000000e+00, 3.039750e+03, 3.000000e+02, 0.000000e+00, 0.000000e+00, 0.000000e+00, 2.329092e-01, 0.000000e+00
66.533066, 3.515911e-02, 0.000000e+00, 3.039750e+03, 3.000000e+02, 0.000000e+00, 0.000000e+00, 0.000000e+00, 2.329092e-01, 0.000000e+00
66.733467, 3.515911e-02, 0.000000e+00, 3.039750e+03, 3.000000e+02, 0.000000e+00, 0.000000e+00, 0.000000e+00, 2.329092e-01, 0.000000e+00
66.933868, 3.515911e-02, 0.000000e+00, 3.039750e+03, 3.000000e+02, 0.000000e+00, 0.000000e+00, 0.000000e+00, 2.329092e-01, 0.000000e+00
67.134269, 3.515911e-02, 0.000000e+00, 3.039750e+03, 3.000000e+02, 0.000000e+00, 0.000000e+00, 0.000000e+00, 2.329092e-01, 0.000000e+00
67.334669, 3.515911e-02, 0.000000e+00, 3.039750e+03, 3.000000e+02, 0.000000e+00, 0.000000e+00, 0.000000e+00, 2.329092e-01, 0.000000e+00
67.535070, 3.515911e-02, 0.000000e+00, 3.039750e+03, 3.000000e+02, 0.000000e+00, 0.000000e+00, 0.000000e+00, 2.329092e-01, 0.000000e+00
67.735471, 3.515911e-02, 0.000000e+00, 3.039750e+03, 3.000000e+02, 0.000000e+00, 0.000000e+00, 0.000000e+00, 2.329092e-01, 0.000000e+00
67.935872, 3.515911e-02, 0.000000e+00, 3.039750e+03, 3.000000e+02, 0.000000e+00, 0.000000e+00, 0.000000e+00, 2.329092e-01, 0.000000e+00
68.136273, 3.515911e-02, 0.000000e+00, 3.039750e+03, 3.000000e+02, 0.000000e+00, 0.000000e+00, 0.000000e+00, 2.329092e-01, 0.000000e+00
68.336673, 3.515911e-02, 0.000000e+00, 3.039750e+03, 3.000000e+02, 0.000000e+00, 0.000000e+00, 0.000000e+00, 2.329092e-01, 0.000000e+00
68.537074, 3.515911e-02, 0.000000e+00, 3.039750e+03, 3.000000e+02, 0.000000e+00, 0.000000e+00, 0.000000e+00, 2.329092e-01, 0.000000e+00
68.737475, 3.515911e-02, 0.000000e+00, 3.039750e+03, 3.000000e+02, 0.000000e+00, 0.000000e+00, 0.000000e+00, 2.329092e-01, 0.000000e+00
68.937876, 3.515911e-02, 0.000000e+00, 3.039750e+03, 3.000000e+02, 0.000000e+00, 0.000000e+00, 0.000000e+00, 2.329092e-01, 0.000000e+00
69.138277, 3.515911e-02, 0.000000e+00, 3.039750e+03, 3.000000e+02, 0.000000e+00, 0.000000e+00, 0.000000e+00, 2.329092e-01, 0.000000e+00
69.338677, 3.515911e-02, 0.000000e+00, 3.039750e+03, 3.000000e+02, 0.000000e+00, 0.000000e+00, 0.000000e+00, 2.329092e-01, 0.000000e+00
69.539078, 3.515911e-02, 0.000000e+00, 3.039750e+03, 3.000000e+02, 0.000000e+00, 0.000000e+00, 0.000000e+00, 2.329092e-01, 0.000000e+00
69.739479, 3.515911e-02, 0.000000e+00, 3.039750e+03, 3.000000e+02, 0.000000e+00, 0.000000e+00, 0.000000e+00, 2.329092e-01, 0.000000e+00
69.939880, 3.515911e-02, 0.000000e+00, 3.039750e+03, 3.000000e+02, 0.000000e+00, 0.000000e+00, 0.000000e+00, 2.329092e-01, 0.000000e+00
70.140281, 3.515911e-02, 0.000000e+00, 3.039750e+03, 3.000000e+02, 0.000000e+00, 0.000000e+00, 0.000000e+00, 2.329092e-01, 0.000000e+00
70.340681, 3.515911e-02, 0.000000e+00, 3.039750e+03, 3.000000e+02, 0.000000e+00, 0.000000e+00, 0.000000e+00, 2.329092e-01, 0.000000e+00
70.541082, 3.515911e-02, 0.000000e+00, 3.039750e+03, 3.000000e+02, 0.000000e+00, 0.000000e+00, 0.000000e+00, 2.329092e-01, 0.000000e+00
70.741483, 3.515911e-02, 0.000000e+00, 3.039750e+03, 3.000000e+02, 0.000000e+00, 0.000000e+00, 0.000000e+00, 2.329092e-01, 0.000000e+00
70.941884, 3.515911e-02, 0.000000e+00, 3.039750e+03, 3.000000e+02, 0.000000e+00, 0.000000e+00, 0.000000e+00, 2.329092e-01, 0.000000e+00
71.142285, 3.515911e-02, 0.000000e+00, 3.039750e+03, 3.000000e+02, 0.000000e+00, 0.000000e+00, 0.000000e+00, 2.329092e-01, 0.000000e+00
71.342685, 3.515911e-02, 0.000000e+00, 3.039750e+03, 3.000000e+02, 0.000000e+00, 0.000000e+00, 0.000000e+00, 2.329092e-01, 0.000000e+00
71.543086, 3.515911e-02, 0.000000e+00, 3.039750e+03, 3.000000e+02, 0.000000e+00, 0.000000e+00, 0.000000e+00, 2.329092e-01, 0.000000e+00
71.743487, 3.515911e-02, 0.000000e+00, 3.039750e+03, 3.000000e+02, 0.000000e+00, 0.000000e+00, 0.000000e+00, 2.329092e-01, 0.000000e+00
71.943888, 3.515911e-02, 0.000000e+00, 3.039750e+03, 3.000000e+02, 0.000000e+00, 0.000000e+00, 0.000000e+00, 2.329092e-01, 0.000000e+00
72.144289, 3.515911e-02, 0.000000e+00, 3.039750e+03, 3.000000e+02, 0.000000e+00, 0.000000e+00, 0.000000e+00, 2.329092e-01, 0.000000e+00
72.344689, 3.515911e-02, 0.000000e+00, 3.039750e+03, 3.000000e+02, 0.000000e+00, 0.000000e+00, 0.000000e+00, 2.329092e-01, 0.000000e+00
72.545090, 3.515911e-02, 0.000000e+00, 3.039750e+03, 3.000000e+02, 0.000000e+00, 0.000000e+00, 0.000000e+00, 2.329092e-01, 0.000000e+00
72.745491, 3.515911e-02, 0.000000e+00, 3.039750e+03, 3.000000e+02, 0.000000e+00, 0.000000e+00, 0.000000e+00, 2.329092e-01, 0.000000e+00
72.945892, 3.515911e-02, 0.000000e+00, 3.039750e+03, 3.000000e+02, 0.000000e+00, 0.000000e+00, 0.000000e+00, 2.329092e-01, 0.000000e+00
73.146293, 3.515911e-02, 0.000000e+00, 3.039750e+03, 3.000000e+02, 0.000000e+00, 0.000000e+00, 0.000000e+00, 2.329092e-01, 0.000000e+00
73.346693, 3.515911e-02, 0.000000e+00, 3.039750e+03, 3.000000e+02, 0.000000e+00, 0.000000e+00, 0.000000e+00, 2.329092e-01, 0.000000e+00
73.547094, 3.515911e-02, 0.000000e+00, 3.039750e+03, 3.000000e+02, 0.000000e+00, 0.000000e+00, 0.000000e+00, 2.329092e-01, 0.000000e+00
73.747495, 3.515911e-02, 0.000000e+00, 3.039750e+03, 3.000000e+02, 0.000000e+00, 0.000000e+00, 0.000000e+00, 2.329092e-01, 0.000000e+00
73.947896, 3.515911e-02, 0.000000e+00, 3.039750e+03, 3.000000e+02, 0.000000e+00, 0.000000e+00, 0.000000e+00, 2.329092e-01, 0.000000e+00
74.148297, 3.515911e-02, 0.000000e+00, 3.039750e+03, 3.000000e+02, 0.000000e+00, 0.000000e+00, 0.000000e+00, 2.329092e-01, 0.000000e+00
74.348697, 3.515911e-02, 0.000000e+00, 3.039750e+03, 3.000000e+02, 0.000000e+00, 0.000000e+00, 0.000000e+00, 2.329092e-01, 0.000000e+00
74.549098, 3.515911e-02, 0.000000e+00, 3.039750e+03, 3.000000e+02, 0.000000e+00, 0.000000e+00, 0.000000e+00, 2.329092e-01, 0.000000e+00
74.749499, 3.515911e-02, 0.000000e+00, 3.039750e+03, 3.000000e+02, 0.000000e+00, 0.000000e+00, 0.000000e+00, 2.329092e-01, 0.000000e+00
74.949900, 3.515911e-02, 0.000000e+00, 3.039750e+03, 3.000000e+02, 0.000000e+00, 0.000000e+00, 0.000000e+00, 2.329092e-01, 0.000000e+00
75.150301, 3.515911e-02, 0.000000e+00, 3.039750e+03, 3.000000e+02, 0.000000e+00, 0.000000e+00, 0.000000e+00, 2.329092e-01, 0.000000e+00
75.350701, 3.515911e-02, 0.000000e+00, 3.039750e+03, 3.000000e+02, 0.000000e+00, 0.000000e+00, 0.000000e+00, 2.329092e-01, 0.000000e+00
75.551102, 3.515911e-02, 0.000000e+00, 3.039750e+03, 3.000000e+02, 0.000000e+00, 0.000000e+00, 0.000000e+00, 2.329092e-01, 0.000000e+00
75.751503, 3.515911e-02, 0.000000e+00, 3.039750e+03, 3.000000e+02, 0.000000e+00, 0.000000e+00, 0.000000e+00, 2.329092e-01, 0.000000e+00
75.951904, 3.515911e-02, 0.000000e+00, 3.039750e+03, 3.000000e+02, 0.000000e+00, 0.000000e+00, 0.000000e+00, 2.329092e-01, 0.000000e+00
76.152305, 3.515911e-02, 0.000000e+00, 3.039750e+03, 3.000000e+02, 0.000000e+00, 0.000000e+00, 0.000000e+00, 2.329092e-01, 0.000000e+00
76.352705, 3.515911e-02, 0.000000e+00, 3.039750e+03, 3.000000e+02, 0.000000e+00, 0.000000e+00, 0.000000e+00, 2.329092e-01, 0.000000e+00
76.553106, 3.515911e-02, 0.000000e+00, 3.039750e+03, 3.000000e+02, 0.000000e+00, 0.000000e+00, 0.000000e+00, 2.329092e-01, 0.000000e+00
76.753507, 3.515911e-02, 0.000000e+00, 3.039750e+03, 3.000000e+02, 0.000000e+00, 0.000000e+00, 0.000000e+00, 2.329092e-01, 0.000000e+00
76.953908, 3.515911e-02, 0.000000e+00, 3.039750e+03, 3.000000e+02, 0.000000e+00, 0.000000e+00, 0.000000e+00, 2.329092e-01, 0.000000e+00
77.154309, 3.515911e-02, 0.000000e+00, 3.039750e+03, 3.000000e+02, 0.000000e+00, 0.000000e+00, 0.000000e+00, 2.329092e-01, 0.000000e+00
77.354709, 3.515911e-02, 0.000000e+00, 3.039750e+03, 3.000000e+02, 0.000000e+00, 0.000000e+00, 0.000000e+00, 2.329092e-01, 0.000000e+00
77.555110, 3.515911e-02, 0.000000e+00, 3.039750e+03, 3.000000e+02, 0.000000e+00, 0.000000e+00, 0.000000e+00, 2.329092e-01, 0.000000e+00
77.755511, 3.515911e-02, 0.000000e+00, 3.039750e+03, 3.000000e+02, 0.000000e+00, 0.000000e+00, 0.000000e+00, 2.329092e-01, 0.000000e+00
77.955912, 3.515911e-02, 0.000000e+00, 3.039750e+03, 3.000000e+02, 0.000000e+00, 0.000000e+00, 0.000000e+00, 2.329092e-01, 0.000000e+00
78.156313, 3.515911e-02, 0.000000e+00, 3.039750e+03, 3.000000e+02, 0.000000e+00, 0.000000e+00, 0.000000e+00, 2.329092e-01, 0.000000e+00
78.356713, 3.515911e-02, 0.000000e+00, 3.039750e+03, 3.000000e+02, 0.000000e+00, 0.000000e+00, 0.000000e+00, 2.329092e-01, 0.000000e+00
78.557114, 3.515911e-02, 0.000000e+00, 3.039750e+03, 3.000000e+02, 0.000000e+00, 0.000000e+00, 0.000000e+00, 2.329092e-01, 0.000000e+00
78.757515, 3.515911e-02, 0.000000e+00, 3.039750e+03, 3.000000e+02, 0.000000e+00, 0.000000e+00, 0.000000e+00, 2.329092e-01, 0.000000e+00
78.957916, 3.515911e-02, 0.000000e+00, 3.039750e+03, 3.000000e+02, 0.000000e+00, 0.000000e+00, 0.000000e+00, 2.329092e-01, 0.000000e+00
79.158317, 3.515911e-02, 0.000000e+00, 3.039750e+03, 3.000000e+02, 0.000000e+00, 0.000000e+00, 0.000000e+00, 2.329092e-01, 0.000000e+00
79.358717, 3.515911e-02, 0.000000e+00, 3.039750e+03, 3.000000e+02, 0.000000e+00, 0.000000e+00, 0.000000e+00, 2.329092e-01, 0.000000e+00
79.559118, 3.515911e-02, 0.000000e+00, 3.039750e+03, 3.000000e+02, 0.000000e+00, 0.000000e+00, 0.000000e+00, 2.329092e-01, 0.000000e+00
79.759519, 3.515911e-02, 0.000000e+00, 3.039750e+03, 3.000000e+02, 0.000000e+00, 0.000000e+00, 0.000000e+00, 2.329092e-01, 0.000000e+00
79.959920, 3.515911e-02, 0.000000e+00, 3.039750e+03, 3.000000e+02, 0.000000e+00, 0.000000e+00, 0.000000e+00, 2.329092e-01, 0.000000e+00
80.160321, 3.515911e-02, 0.000000e+00, 3.039750e+03, 3.000000e+02, 0.000000e+00, 0.000000e+00, 0.000000e+00, 2.329092e-01, 0.000000e+00
80.360721, 3.515911e-02, 0.000000e+00, 3.039750e+03, 3.000000e+02, 0.000000e+00, 0.000000e+00, 0.000000e+00, 2.329092e-01, 0.000000e+00
80.561122, 3.515911e-02, 0.000000e+00, 3.039750e+03, 3.000000e+02, 0.000000e+00, 0.000000e+00, 0.000000e+00, 2.329092e-01, 0.000000e+00
80.761523, 3.515911e-02, 0.000000e+00, 3.039750e+03, 3.000000e+02, 0.000000e+00, 0.000000e+00, 0.000000e+00, 2.329092e-01, 0.000000e+00
80.961924, 3.515911e-02, 0.000000e+00, 3.039750e+03, 3.000000e+02, 0.000000e+00, 0.000000e+00, 0.000000e+00, 2.329092e-01, 0.000000e+00
81.162325, 3.515911e-02, 0.000000e+00, 3.039750e+03, 3.000000e+02, 0.000000e+00, 0.000000e+00, 0.000000e+00, 2.329092e-01, 0.000000e+00
81.362725, 3.515911e-02, 0.000000e+00, 3.039750e+03, 3.000000e+02, 0.000000e+00, 0.000000e+00, 0.000000e+00, 2.329092e-01, 0.000000e+00
81.563126, 3.515911e-02, 0.000000e+00, 3.039750e+03, 3.000000e+02, 0.000000e+00, 0.000000e+00, 0.000000e+00, 2.329092e-01, 0.000000e+00
81.763527, 3.515911e-02, 0.000000e+00, 3.039750e+03, 3.000000e+02, 0.000000e+00, 0.000000e+00, 0.000000e+00, 2.329092e-01, 0.000000e+00
81.963928, 3.515911e-02, 0.000000e+00, 3.039750e+03, 3.000000e+02, 0.000000e+00, 0.000000e+00, 0.000000e+00, 2.329092e-01, 0.000000e+00
82.164329, 3.515911e-02, 0.000000e+00, 3.039750e+03, 3.000000e+02, 0.000000e+00, 0.000000e+00, 0.000000e+00, 2.329092e-01, 0.000000e+00
82.364729, 3.515911e-02, 0.000000e+00, 3.039750e+03, 3.000000e+02, 0.000000e+00, 0.000000e+00, 0.000000e+00, 2.329092e-01, 0.000000e+00
82.565130, 3.515911e-02, 0.000000e+00, 3.039750e+03, 3.000000e+02, 0.000000e+00, 0.000000e+00, 0.000000e+00, 2.329092e-01, 0.000000e+00
82.765531, 3.515911e-02, 0.000000e+00, 3.039750e+03, 3.000000e+02, 0.000000e+00, 0.000000e+00, 0.000000e+00, 2.329092e-01, 0.000000e+00
82.965932, 3.515911e-02, 0.000000e+00, 3.039750e+03, 3.000000e+02, 0.000000e+00, 0.000000e+00, 0.000000e+00, 2.329092e-01, 0.000000e+00
83.166333, 3.515911e-02, 0.000000e+00, 3.039750e+03, 3.000000e+02, 0.000000e+00, 0.000000e+00, 0.000000e+00, 2.329092e-01, 0.000000e+00
83.366733, 3.515911e-02, 0.000000e+00, 3.039750e+03, 3.000000e+02, 0.000000e+00, 0.000000e+00, 0.000000e+00, 2.329092e-01, 0.000000e+00
83.567134, 3.515911e-02, 0.000000e+00, 3.039750e+03, 3.000000e+02, 0.000000e+00, 0.000000e+00, 0.000000e+00, 2.329092e-01, 0.000000e+00
83.767535, 3.515911e-02, 0.000000e+00, 3.039750e+03, 3.000000e+02, 0.000000e+00, 0.000000e+00, 0.000000e+00, 2.329092e-01, 0.000000e+00
83.967936, 3.515911e-02, 0.000000e+00, 3.039750e+03, 3.000000e+02, 0.000000e+00, 0.000000e+00, 0.000000e+00, 2.329092e-01, 0.000000e+00
84.168337, 3.515911e-02, 0.000000e+00, 3.039750e+03, 3.000000e+02, 0.000000e+00, 0.000000e+00, 0.000000e+00, 2.329092e-01, 0.000000e+00
84.368737, 3.515911e-02, 0.000000e+00, 3.039750e+03, 3.000000e+02, 0.000000e+00, 0.000000e+00, 0.000000e+00, 2.329092e-01, 0.000000e+00
84.569138, 3.515911e-02, 0.000000e+00, 3.039750e+03, 3.000000e+02, 0.000000e+00, 0.000000e+00, 0.000000e+00, 2.329092e-01, 0.000000e+00
84.769539, 3.515911e-02, 0.000000e+00, 3.039750e+03, 3.000000e+02, 0.000000e+00, 0.000000e+00, 0.000000e+00, 2.329092e-01, 0.000000e+00
84.969940, 3.515911e-02, 0.000000e+00, 3.039750e+03, 3.000000e+02, 0.000000e+00, 0.000000e+00, 0.000000e+00, 2.329092e-01, 0.000000e+00
85.170341, 3.515911e-02, 0.000000e+00, 3.039750e+03, 3.000000e+02, 0.000000e+00, 0.000000e+00, 0.000000e+00, 2.329092e-01, 0.000000e+00
85.370741, 3.515911e-02, 0.000000e+00, 3.039750e+03, 3.000000e+02, 0.000000e+00, 0.000000e+00, 0.000000e+00, 2.329092e-01, 0.000000e+00
85.571142, 3.515911e-02, 0.000000e+00, 3.039750e+03, 3.000000e+02, 0.000000e+00, 0.000000e+00, 0.000000e+00, 2.329092e-01, 0.000000e+00
85.771543, 3.515911e-02, 0.000000e+00, 3.039750e+03, 3.000000e+02, 0.000000e+00, 0.000000e+00, 0.000000e+00, 2.329092e-01, 0.000000e+00
85.971944, 3.515911e-02, 0.000000e+00, 3.039750e+03, 3.000000e+02, 0.000000e+00, 0.000000e+00, 0.000000e+00, 2.329092e-01, 0.000000e+00
86.172345, 3.515911e-02, 0.000000e+00, 3.039750e+03, 3.000000e+02, 0.000000e+00, 0.000000e+00, 0.000000e+00, 2.329092e-01, 0.000000e+00
86.372745, 3.515911e-02, 0.000000e+00, 3.039750e+03, 3.000000e+02, 0.000000e+00, 0.000000e+00, 0.000000e+00, 2.329092e-01, 0.000000e+00
86.573146, 3.515911e-02, 0.000000e+00, 3.039750e+03, 3.000000e+02, 0.000000e+00, 0.000000e+00, 0.000000e+00, 2.329092e-01, 0.000000e+00
86.773547, 3.515911e-02, 0.000000e+00, 3.039750e+03, 3.000000e+02, 0.000000e+00, 0.000000e+00, 0.000000e+00, 2.329092e-01, 0.000000e+00
86.973948, 3.515911e-02, 0.000000e+00, 3.039750e+03, 3.000000e+02, 0.000000e+00, 0.000000e+00, 0.000000e+00, 2.329092e-01, 0.000000e+00
87.174349, 3.515911e-02, 0.000000e+00, 3.039750e+03, 3.000000e+02, 0.000000e+00, 0.000000e+00, 0.000000e+00, 2.329092e-01, 0.000000e+00
87.374749, 3.515911e-02, 0.000000e+00, 3.039750e+03, 3.000000e+02, 0.000000e+00, 0.000000e+00, 0.000000e+00, 2.329092e-01, 0.000000e+00
87.575150, 3.515911e-02, 0.000000e+00, 3.039750e+03, 3.000000e+02, 0.000000e+00, 0.000000e+00, 0.000000e+00, 2.329092e-01, 0.000000e+00
87.775551, 3.515911e-02, 0.000000e+00, 3.039750e+03, 3.000000e+02, 0.000000e+00, 0.000000e+00, 0.000000e+00, 2.329092e-01, 0.000000e+00
87.975952, 3.515911e-02, 0.000000e+00, 3.039750e+03, 3.000000e+02, 0.000000e+00, 0.000000e+00, 0.000000e+00, 2.329092e-01, 0.000000e+00
88.176353, 3.515911e-02, 0.000000e+00, 3.039750e+03, 3.000000e+02, 0.000000e+00, 0.000000e+00, 0.000000e+00, 2.329092e-01, 0.000000e+00
88.376754, 3.515911e-02, 0.000000e+00, 3.039750e+03, 3.000000e+02, 0.000000e+00, 0.000000e+00, 0.000000e+00, 2.329092e-01, 0.000000e+00
88.577154, 3.515911e-02, 0.000000e+00, 3.039750e+03, 3.000000e+02, 0.000000e+00, 0.000000e+00, 0.000000e+00, 2.329092e-01, 0.000000e+00
88.777555, 3.515911e-02, 0.000000e+00, 3.039750e+03, 3.000000e+02, 0.000000e+00, 0.000000e+00, 0.000000e+00, 2.329092e-01, 0.000000e+00
88.977956, 3.515911e-02, 0.000000e+00, 3.039750e+03, 3.000000e+02, 0.000000e+00, 0.000000e+00, 0.000000e+00, 2.329092e-01, 0.000000e+00
89.178357, 3.515911e-02, 0.000000e+00, 3.039750e+03, 3.000000e+02, 0.000000e+00, 0.000000e+00, 0.000000e+00, 2.329092e-01, 0.000000e+00
89.378758, 3.515911e-02, 0.000000e+00, 3.039750e+03, 3.000000e+02, 0.000000e+00, 0.000000e+00, 0.000000e+00, 2.329092e-01, 0.000000e+00
89.579158, 3.515911e-02, 0.000000e+00, 3.039750e+03, 3.000000e+02, 0.000000e+00, 0.000000e+00, 0.000000e+00, 2.329092e-01, 0.000000e+00
89.779559, 3.515911e-02, 0.000000e+00, 3.039750e+03, 3.000000e+02, 0.000000e+00, 0.000000e+00, 0.000000e+00, 2.329092e-01, 0.000000e+00
89.979960, 3.515911e-02, 0.000000e+00, 3.039750e+03, 3.000000e+02, 0.000000e+00, 0.000000e+00, 0.000000e+00, 2.329092e-01, 0.000000e+00
90.180361, 3.515911e-02, 0.000000e+00, 3.039750e+03, 3.000000e+02, 0.000000e+00, 0.000000e+00, 0.000000e+00, 2.329092e-01, 0.000000e+00
90.380762, 3.515911e-02, 0.000000e+00, 3.039750e+03, 3.000000e+02, 0.000000e+00, 0.000000e+00, 0.000000e+00, 2.329092e-01, 0.000000e+00
90.581162, 3.515911e-02, 0.000000e+00, 3.039750e+03, 3.000000e+02, 0.000000e+00, 0.000000e+00, 0.000000e+00, 2.329092e-01, 0.000000e+00
90.781563, 3.515911e-02, 0.000000e+00, 3.039750e+03, 3.000000e+02, 0.000000e+00, 0.000000e+00, 0.000000e+00, 2.329092e-01, 0.000000e+00
90.981964, 3.515911e-02, 0.000000e+00, 3.039750e+03, 3.000000e+02, 0.000000e+00, 0.000000e+00, 0.000000e+00, 2.329092e-01, 0.000000e+00
91.182365, 3.515911e-02, 0.000000e+00, 3.039750e+03, 3.000000e+02, 0.000000e+00, 0.000000e+00, 0.000000e+00, 2.329092e-01, 0.000000e+00
91.382766, 3.515911e-02, 0.000000e+00, 3.039750e+03, 3.000000e+02, 0.000000e+00, 0.000000e+00, 0.000000e+00, 2.329092e-01, 0.000000e+00
91.583166, 3.515911e-02, 0.000000e+00, 3.039750e+03, 3.000000e+02, 0.000000e+00, 0.000000e+00, 0.000000e+00, 2.329092e-01, 0.000000e+00
91.783567, 3.515911e-02, 0.000000e+00, 3.039750e+03, 3.000000e+02, 0.000000e+00, 0.000000e+00, 0.000000e+00, 2.329092e-01, 0.000000e+00
91.983968, 3.515911e-02, 0.000000e+00, 3.039750e+03, 3.000000e+02, 0.000000e+00, 0.000000e+00, 0.000000e+00, 2.329092e-01, 0.000000e+00
92.184369, 3.515911e-02, 0.000000e+00, 3.039750e+03, 3.000000e+02, 0.000000e+00, 0.000000e+00, 0.000000e+00, 2.329092e-01, 0.000000e+00
92.384770, 3.515911e-02, 0.000000e+00, 3.039750e+03, 3.000000e+02, 0.000000e+00, 0.000000e+00, 0.000000e+00, 2.329092e-01, 0.000000e+00
92.585170, 3.515911e-02, 0.000000e+00, 3.039750e+03, 3.000000e+02, 0.000000e+00, 0.000000e+00, 0.000000e+00, 2.329092e-01, 0.000000e+00
92.785571, 3.515911e-02, 0.000000e+00, 3.039750e+03, 3.000000e+02, 0.000000e+00, 0.000000e+00, 0.000000e+00, 2.329092e-01, 0.000000e+00
92.985972, 3.515911e-02, 0.000000e+00, 3.039750e+03, 3.000000e+02, 0.000000e+00, 0.000000e+00, 0.000000e+00, 2.329092e-01, 0.000000e+00
93.186373, 3.515911e-02, 0.000000e+00, 3.039750e+03, 3.000000e+02, 0.000000e+00, 0.000000e+00, 0.000000e+00, 2.329092e-01, 0.000000e+00
93.386774, 3.515911e-02, 0.000000e+00, 3.039750e+03, 3.000000e+02, 0.000000e+00, 0.000000e+00, 0.000000e+00, 2.329092e-01, 0.000000e+00
93.587174, 3.515911e-02, 0.000000e+00, 3.039750e+03, 3.000000e+02, 0.000000e+00, 0.000000e+00, 0.000000e+00, 2.329092e-01, 0.000000e+00
93.787575, 3.515911e-02, 0.000000e+00, 3.039750e+03, 3.000000e+02, 0.000000e+00, 0.000000e+00, 0.000000e+00, 2.329092e-01, 0.000000e+00
93.987976, 3.515911e-02, 0.000000e+00, 3.039750e+03, 3.000000e+02, 0.000000e+00, 0.000000e+00, 0.000000e+00, 2.329092e-01, 0.000000e+00
94.188377, 3.515911e-02, 0.000000e+00, 3.039750e+03, 3.000000e+02, 0.000000e+00, 0.000000e+00, 0.000000e+00, 2.329092e-01, 0.000000e+00
94.388778, 3.515911e-02, 0.000000e+00, 3.039750e+03, 3.000000e+02, 0.000000e+00, 0.000000e+00, 0.000000e+00, 2.329092e-01, 0.000000e+00
94.589178, 3.515911e-02, 0.000000e+00, 3.039750e+03, 3.000000e+02, 0.000000e+00, 0.000000e+00, 0.000000e+00, 2.329092e-01, 0.000000e+00
94.789579, 3.515911e-02, 0.000000e+00, 3.039750e+03, 3.000000e+02, 0.000000e+00, 0.000000e+00, 0.000000e+00, 2.329092e-01, 0.000000e+00
94.989980, 3.515911e-02, 0.000000e+00, 3.039750e+03, 3.000000e+02, 0.000000e+00, 0.000000e+00, 0.000000e+00, 2.329092e-01, 0.000000e+00
95.190381, 3.515911e-02, 0.000000e+00, 3.039750e+03, 3.000000e+02, 0.000000e+00, 0.000000e+00, 0.000000e+00, 2.329092e-01, 0.000000e+00
95.390782, 3.515911e-02, 0.000000e+00, 3.039750e+03, 3.000000e+02, 0.000000e+00, 0.000000e+00, 0.000000e+00, 2.329092e-01, 0.000000e+00
95.591182, 3.515911e-02, 0.000000e+00, 3.039750e+03, 3.000000e+02, 0.000000e+00, 0.000000e+00, 0.000000e+00, 2.329092e-01, 0.000000e+00
95.791583, 3.515911e-02, 0.000000e+00, 3.039750e+03, 3.000000e+02, 0.000000e+00, 0.000000e+00, 0.000000e+00, 2.329092e-01, 0.000000e+00
95.991984, 3.515911e-02, 0.000000e+00, 3.039750e+03, 3.000000e+02, 0.000000e+00, 0.000000e+00, 0.000000e+00, 2.329092e-01, 0.000000e+00
96.192385, 3.515911e-02, 0.000000e+00, 3.039750e+03, 3.000000e+02, 0.000000e+00, 0.000000e+00, 0.000000e+00, 2.329092e-01, 0.000000e+00
96.392786, 3.515911e-02, 0.000000e+00, 3.039750e+03, 3.000000e+02, 0.000000e+00, 0.000000e+00, 0.000000e+00, 2.329092e-01, 0.000000e+00
96.593186, 3.515911e-02, 0.000000e+00, 3.039750e+03, 3.000000e+02, 0.000000e+00, 0.000000e+00, 0.000000e+00, 2.329092e-01, 0.000000e+00
96.793587, 3.515911e-02, 0.000000e+00, 3.039750e+03, 3.000000e+02, 0.000000e+00, 0.000000e+00, 0.000000e+00, 2.329092e-01, 0.000000e+00
96.993988, 3.515911e-02, 0.000000e+00, 3.039750e+03, 3.000000e+02, 0.000000e+00, 0.000000e+00, 0.000000e+00, 2.329092e-01, 0.000000e+00
97.194389, 3.515911e-02, 0.000000e+00, 3.039750e+03, 3.000000e+02, 0.000000e+00, 0.000000e+00, 0.000000e+00, 2.329092e-01, 0.000000e+00
97.394790, 3.515911e-02, 0.000000e+00, 3.039750e+03, 3.000000e+02, 0.000000e+00, 0.000000e+00, 0.000000e+00, 2.329092e-01, 0.000000e+00
97.595190, 3.515911e-02, 0.000000e+00, 3.039750e+03, 3.000000e+02, 0.000000e+00, 0.000000e+00, 0.000000e+00, 2.329092e-01, 0.000000e+00
97.795591, 3.515911e-02, 0.000000e+00, 3.039750e+03, 3.000000e+02, 0.000000e+00, 0.000000e+00, 0.000000e+00, 2.329092e-01, 0.000000e+00
97.995992, 3.515911e-02, 0.000000e+00, 3.039750e+03, 3.000000e+02, 0.000000e+00, 0.000000e+00, 0.000000e+00, 2.329092e-01, 0.000000e+00
98.196393, 3.515911e-02, 0.000000e+00, 3.039750e+03, 3.000000e+02, 0.000000e+00, 0.000000e+00, 0.000000e+00, 2.329092e-01, 0.000000e+00
98.396794, 3.515911e-02, 0.000000e+00, 3.039750e+03, 3.000000e+02, 0.000000e+00, 0.000000e+00, 0.000000e+00, 2.329092e-01, 0.000000e+00
98.597194, 3.515911e-02, 0.000000e+00, 3.039750e+03, 3.000000e+02, 0.000000e+00, 0.000000e+00, 0.000000e+00, 2.329092e-01, 0.000000e+00
98.797595, 3.515911e-02, 0.000000e+00, 3.039750e+03, 3.000000e+02, 0.000000e+00, 0.000000e+00, 0.000000e+00, 2.329092e-01, 0.000000e+00
98.997996, 3.515911e-02, 0.000000e+00, 3.039750e+03, 3.000000e+02, 0.000000e+00, 0.000000e+00, 0.000000e+00, 2.329092e-01, 0.000000e+00
99.198397, 3.515911e-02, 0.000000e+00, 3.039750e+03, 3.000000e+02, 0.000000e+00, 0.000000e+00, 0.000000e+00, 2.329092e-01, 0.000000e+00
99.398798, 3.515911e-02, 0.000000e+00, 3.039750e+03, 3.000000e+02, 0.000000e+00, 0.000000e+00, 0.000000e+00, 2.329092e-01, 0.000000e+00
99.599198, 3.515911e-02, 0.000000e+00, 3.039750e+03, 3.000000e+02, 0.000000e+00, 0.000000e+00, 0.000000e+00, 2.329092e-01, 0.000000e+00
99.799599, 3.515911e-02, 0.000000e+00, 3.039750e+03, 3.000000e+02, 0.000000e+00, 0.000000e+00, 0.000000e+00, 2.329092e-01, 0.000000e+00
100.000000, 3.515911e-02, 0.000000e+00, 3.039750e+03, 3.000000e+02, 0.000000e+00, 0.000000e+00, 0.000000e+00, 2.329092e-01, 0.000000e+00
